46.6933 0 
9.61647 2.53541 
1.42502 -2.66422 
-0.507749 2.08063 
-4.04027 4.34634 
-2.10273 -2.65252 
1.02107 -0.973237 
-2.23221 0.337183 
-0.522677 -2.20164 
1.52034 -1.77672 
-1.21785 0.198555 
1.13364 -1.90071 
0.619429 -0.45909 
-0.279045 0.809935 
1.28326 -1.36168 
0.562155 0.229697 
0.685502 0.688205 
0.477471 0.55226 
-0.414944 1.23981 
-0.959507 -0.0635505 
-0.601399 -0.358132 
-0.108344 -0.451849 
-0.105979 -0.463017 
0.118364 -0.194118 
-0.0255845 -0.0885992 
0.279368 -0.183856 
0.00145149 0.341825 
-0.606291 -0.241026 
0.133822 -0.672531 
0.273745 0.122281 
-0.368319 -0.160911 
0.249049 -0.688909 
0.320811 0.298529 
-0.342332 -0.0040981 
0.253259 -0.637459 
0.316965 0.377355 
-0.562348 0.0538265 
0.247873 -0.548479 
0.282082 0.313252 
-0.574991 -0.127301 
0.0402037 -0.418396 
0.224478 0.0383084 
-0.157883 -0.130901 
0.231936 -0.306003 
0.0600202 -0.227106 
0.181889 0.207453 
-0.0781935 0.261672 
-0.105226 -0.528584 
0.384502 -0.383336 
-0.25143 0.316902 
-0.0145148 -0.565882 
0.883688 -0.19542 
-0.20646 0.355272 
-0.256918 -0.340785 
0.804754 -0.134084 
-0.0890059 0.324604 
-0.201649 -0.11189 
0.241074 -0.0668598 
0.0718417 0.151414 
0.0242453 -0.137114 
0.051368 -0.0606782 
-0.0883971 -0.0569871 
0.00283897 0.0313449 
-0.0996579 -0.278717 
0.345855 -0.436207 
0.442829 0.0109186 
-0.0270584 0.220725 
0.240473 -0.0353148 
0.129979 0.0724093 
-0.078334 -0.107111 
0.263192 -0.105878 
0.230028 0.0876673 
-0.039566 0.110378 
0.141282 -0.0629009 
0.097454 0.0372439 
0.0439581 0 
0.097454 -0.0372439 
0.141282 0.0629009 
-0.039566 -0.110378 
0.230028 -0.0876674 
0.263192 0.105878 
-0.0783339 0.107111 
0.129979 -0.0724094 
0.240473 0.0353147 
-0.0270585 -0.220725 
0.442829 -0.0109186 
0.345855 0.436207 
-0.0996578 0.278718 
0.00283891 -0.0313447 
-0.0883965 0.0569869 
0.051368 0.0606782 
0.0242446 0.137115 
0.0718416 -0.151414 
0.241074 0.0668598 
-0.201649 0.11189 
-0.0890061 -0.324603 
0.804754 0.134084 
-0.256918 0.340785 
-0.20646 -0.355273 
0.883688 0.19542 
-0.014515 0.565882 
-0.25143 -0.316902 
0.384502 0.383336 
-0.105226 0.528584 
-0.0781934 -0.261672 
0.181889 -0.207453 
0.0600201 0.227106 
0.231936 0.306003 
-0.157883 0.130901 
0.224478 -0.0383086 
0.0402035 0.418396 
-0.574991 0.127301 
0.282082 -0.313252 
0.247873 0.548479 
-0.562348 -0.0538265 
0.316965 -0.377355 
0.253259 0.637459 
-0.342332 0.00409815 
0.320811 -0.298529 
0.249048 0.688909 
-0.368319 0.160911 
0.273745 -0.122281 
0.133822 0.672531 
-0.606291 0.241026 
0.00145152 -0.341826 
0.279368 0.183856 
-0.0255845 0.0885992 
0.118365 0.194118 
-0.105979 0.463017 
-0.108344 0.451849 
-0.601399 0.358132 
-0.959507 0.0635507 
-0.414944 -1.23981 
0.477471 -0.55226 
0.685502 -0.688205 
0.562155 -0.229697 
1.28326 1.36168 
-0.279045 -0.809935 
0.619429 0.45909 
1.13364 1.90071 
-1.21785 -0.198555 
1.52034 1.77672 
-0.522677 2.20164 
-2.23221 -0.337183 
1.02107 0.973237 
-2.10273 2.65252 
-4.04027 -4.34634 
-0.507749 -2.08063 
1.42502 2.66422 
9.61647 -2.53541 
