75.11 
0.744015 
-0.668922 
-1.11543 
-0.648175 
-0.0169139 
-0.23367 
0.0322379 
0.294342 
0.348069 
0.139756 
0.16522 
0.165525 
0.157757 
0.210534 
0.0113269 
-0.059565 
-0.0222472 
0.0873285 
0.182401 
0.178948 
0.00826044 
-0.0904508 
-0.0999021 
-0.0289818 
0.0691032 
0.119783 
0.0460113 
0.0430392 
0.016812 
-0.0209389 
0.011961 
0.065396 
0.077218 
0.0811538 
0.0652389 
-0.0132064 
-0.0545435 
-0.0125703 
0.0504577 
0.03779 
0.00904882 
0.0394054 
0.0299814 
0.0415016 
0.0384659 
0.0440244 
0.00705977 
0.0119246 
0.0342132 
0.0731494 
0.0684579 
0.0565634 
0.0263043 
-0.00806212 
0.0187452 
0.0128118 
0.0184875 
0.0373391 
0.0606544 
0.0399294 
0.0382132 
0.0296644 
0.0137693 
0.0125244 
0.0287279 
0.0656951 
0.0502343 
0.0412197 
0.0311013 
0.0337111 
0.0126891 
0.0163346 
0.0350802 
0.0488672 
0.0465398 
0.0488672 
0.0350802 
0.0163346 
0.0126891 
0.033711 
0.0311014 
0.0412197 
0.0502343 
0.0656951 
0.0287279 
0.0125244 
0.0137693 
0.0296644 
0.0382132 
0.0399294 
0.0606545 
0.0373391 
0.0184875 
0.0128119 
0.0187452 
-0.00806212 
0.0263043 
0.0565634 
0.0684579 
0.0731494 
0.0342132 
0.0119246 
0.0070598 
0.0440243 
0.0384659 
0.0415016 
0.0299814 
0.0394054 
0.00904881 
0.03779 
0.0504577 
-0.0125703 
-0.0545435 
-0.0132064 
0.0652389 
0.0811538 
0.077218 
0.065396 
0.011961 
-0.0209389 
0.016812 
0.0430392 
0.0460113 
0.119783 
0.0691032 
-0.0289818 
-0.0999021 
-0.0904508 
0.00826044 
0.178948 
0.182401 
0.0873285 
-0.0222472 
-0.059565 
0.0113269 
0.210534 
0.157757 
0.165525 
0.16522 
0.139756 
0.348069 
0.294342 
0.0322379 
-0.23367 
-0.0169139 
-0.648175 
-1.11543 
-0.668922 
0.744015 
