61.9207 0 
-0.406707 0.0305898 
-0.409888 0.0559851 
-0.407065 0.0937892 
-0.395259 0.139288 
-0.386874 0.166082 
-0.365536 0.200774 
-0.348133 0.217287 
-0.327362 0.255837 
-0.297696 0.28634 
-0.26952 0.304522 
-0.263941 0.337099 
-0.228722 0.359528 
-0.198729 0.363595 
-0.159391 0.380059 
-0.13117 0.378526 
-0.0852459 0.401477 
-0.0639844 0.407301 
-0.0211557 0.415994 
0.0233886 0.412901 
0.0385148 0.417965 
0.0677552 0.423581 
0.113442 0.393945 
0.142781 0.392686 
0.170831 0.37905 
0.206971 0.358563 
0.253447 0.345161 
0.254682 0.323764 
0.30324 0.302468 
0.308402 0.263335 
0.326625 0.25212 
0.34883 0.211713 
0.38366 0.18162 
0.383099 0.149325 
0.396189 0.116154 
0.419077 0.0816813 
0.428679 0.0539869 
0.417734 0.0181774 
0.418649 -0.0180588 
0.40996 -0.0675406 
0.411293 -0.084356 
0.389675 -0.124851 
0.375609 -0.148744 
0.366513 -0.186442 
0.351016 -0.204861 
0.344031 -0.245562 
0.315229 -0.262861 
0.286176 -0.299101 
0.261045 -0.325348 
0.229732 -0.323295 
0.208293 -0.365352 
0.195748 -0.371867 
0.142289 -0.381013 
0.112706 -0.409006 
0.0902871 -0.422613 
0.0446568 -0.423981 
0.00945224 -0.407167 
-0.0356404 -0.409644 
-0.060172 -0.413241 
-0.0847242 -0.396641 
-0.121382 -0.384432 
-0.165698 -0.383344 
-0.189025 -0.367524 
-0.224512 -0.349133 
-0.239925 -0.331457 
-0.278964 -0.314647 
-0.302424 -0.285381 
-0.326225 -0.259826 
-0.344821 -0.230598 
-0.365007 -0.20919 
-0.388564 -0.171105 
-0.392013 -0.137058 
-0.403933 -0.10446 
-0.41072 -0.0805455 
-0.411698 -0.0352384 
-0.415144 -7.45058e-09 
-0.411698 0.0352384 
-0.41072 0.0805455 
-0.403933 0.10446 
-0.392013 0.137058 
-0.388564 0.171105 
-0.365006 0.20919 
-0.344821 0.230598 
-0.326225 0.259826 
-0.302423 0.285381 
-0.278964 0.314647 
-0.239925 0.331457 
-0.224512 0.349133 
-0.189025 0.367524 
-0.165698 0.383344 
-0.121382 0.384432 
-0.0847243 0.396641 
-0.060172 0.413241 
-0.0356404 0.409644 
0.00945227 0.407167 
0.0446568 0.423981 
0.0902871 0.422613 
0.112706 0.409006 
0.142289 0.381013 
0.195748 0.371867 
0.208293 0.365352 
0.229732 0.323295 
0.261045 0.325348 
0.286176 0.299101 
0.315229 0.262861 
0.344031 0.245562 
0.351016 0.204861 
0.366513 0.186442 
0.375609 0.148744 
0.389675 0.124851 
0.411293 0.084356 
0.40996 0.0675406 
0.418649 0.0180588 
0.417734 -0.0181774 
0.428679 -0.053987 
0.419077 -0.0816813 
0.39619 -0.116154 
0.383099 -0.149325 
0.38366 -0.18162 
0.34883 -0.211713 
0.326625 -0.25212 
0.308402 -0.263335 
0.30324 -0.302468 
0.254682 -0.323764 
0.253447 -0.345161 
0.206971 -0.358563 
0.170831 -0.37905 
0.142781 -0.392687 
0.113441 -0.393945 
0.0677553 -0.423581 
0.0385148 -0.417965 
0.0233886 -0.412901 
-0.0211556 -0.415994 
-0.0639844 -0.407301 
-0.0852459 -0.401476 
-0.13117 -0.378526 
-0.159391 -0.380059 
-0.198729 -0.363595 
-0.228722 -0.359528 
-0.263941 -0.337099 
-0.26952 -0.304522 
-0.297696 -0.28634 
-0.327362 -0.255837 
-0.348133 -0.217287 
-0.365536 -0.200774 
-0.386874 -0.166082 
-0.395259 -0.139288 
-0.407065 -0.0937892 
-0.409888 -0.0559851 
-0.406707 -0.0305898 
