0.135863 0 
0.00836572 -0.00716293 
0.00193988 -0.00741029 
-0.00131032 -0.00407242 
-0.000833508 -0.00060948 
0.00105632 0.000442597 
0.00214388 -0.000441128 
0.00118616 -0.00223881 
0.000531133 -0.000683598 
0.000356541 -0.000289742 
0.00052572 2.81647e-06 
0.00143044 -0.000280465 
0.00133593 -0.000726143 
0.00090896 -0.00045801 
0.000400257 -0.000420328 
0.000621745 -4.36557e-11 
0.000400257 0.000420328 
0.00090896 0.00045801 
0.00133593 0.000726144 
0.00143044 0.000280465 
0.00052572 -2.81647e-06 
0.000356541 0.000289742 
0.000531133 0.000683598 
0.00118616 0.00223881 
0.00214388 0.000441128 
0.00105631 -0.000442598 
-0.000833508 0.00060948 
-0.00131032 0.00407242 
0.00193988 0.00741029 
0.00836572 0.00716293 
