132.575 
132.515 
132.373 
104.244 
114.702 
114.611 
114.661 
121.223 
121.183 
121.291 
121.683 
121.761 
121.661 
121.72 
121.581 
121.548 
121.151 
120.788 
120.729 
120.557 
120.605 
120.726 
120.723 
120.712 
120.865 
120.913 
121.008 
121.063 
120.944 
120.967 
120.922 
120.994 
121.008 
121.23 
121.205 
121.394 
121.34 
121.488 
121.526 
121.513 
121.363 
121.3 
121.2 
121.247 
121.304 
121.342 
121.52 
121.689 
121.795 
122.013 
122.167 
122.34 
122.443 
122.443 
115.559 
115.546 
115.461 
115.51 
115.501 
115.497 
115.403 
115.538 
115.479 
115.585 
115.603 
115.632 
115.591 
115.598 
115.426 
115.324 
115.279 
115.27 
115.335 
115.241 
115.299 
115.238 
115.341 
115.453 
115.49 
115.553 
115.605 
115.397 
115.381 
115.096 
114.887 
114.913 
114.735 
114.747 
114.67 
114.627 
114.552 
114.591 
114.508 
114.588 
114.671 
114.764 
114.802 
114.602 
114.543 
114.263 
114.082 
113.93 
113.929 
113.748 
113.778 
113.744 
113.844 
113.903 
113.918 
113.949 
114.031 
114.041 
113.915 
113.858 
113.674 
113.516 
113.452 
113.435 
113.498 
113.532 
113.594 
113.664 
113.869 
113.918 
114.012 
113.984 
114.032 
113.97 
113.859 
113.51 
113.213 
113.223 
113.115 
113.126 
113.086 
113.187 
113.136 
113.258 
113.237 
113.304 
113.335 
113.482 
113.46 
113.531 
113.613 
113.452 
113.324 
113.24 
112.974 
112.954 
112.943 
112.881 
112.979 
113.054 
113.078 
113.219 
113.247 
113.405 
113.492 
113.611 
113.829 
113.897 
113.862 
113.899 
113.582 
113.484 
113.47 
113.418 
113.462 
113.504 
113.639 
113.702 
113.789 
113.745 
113.864 
113.93 
114.183 
114.306 
114.418 
114.379 
114.252 
114.163 
113.89 
113.795 
113.732 
113.815 
113.893 
113.836 
113.831 
113.889 
113.903 
114.015 
114.088 
114.054 
114.216 
114.236 
114.274 
114.229 
114.168 
114.036 
113.946 
113.986 
113.988 
113.983 
113.966 
114.003 
114.125 
114.141 
114.289 
114.323 
114.493 
114.506 
114.603 
114.586 
114.609 
114.341 
114.268 
114.325 
114.312 
114.336 
114.282 
114.338 
114.356 
114.407 
114.442 
114.516 
114.511 
114.591 
114.69 
114.652 
114.619 
114.463 
114.397 
114.184 
114.184 
114.03 
114.019 
113.968 
113.915 
113.906 
113.899 
113.941 
113.893 
113.965 
113.939 
114.025 
114.016 
113.801 
113.801 
113.624 
