0.310628 
0.303835 
0.304567 
0.304404 
0.311068 
0.304414 
0.310749 
0.3039 
0.311462 
0.304606 
0.310885 
0.310947 
0.311706 
0.304355 
0.304443 
0.304417 
0.310345 
0.310693 
0.304375 
0.304173 
0.304056 
0.304619 
0.304261 
0.304473 
0.311286 
0.304671 
0.310898 
0.304395 
0.311165 
0.305068 
0.310967 
0.304642 
0.311045 
0.304427 
0.311211 
0.304674 
0.310983 
0.304886 
0.311546 
0.311602 
0.304521 
0.311234 
0.311507 
0.304704 
0.312256 
0.311953 
0.3118 
0.304557 
0.311855 
0.305026 
0.306133 
0.305114 
0.305479 
0.305426 
0.312015 
0.305335 
0.311748 
0.304971 
0.30585 
0.312223 
0.31167 
0.305417 
0.305518 
0.305231 
0.305085 
0.305501 
0.311976 
0.311963 
0.305804 
0.305452 
0.305557 
0.311807 
0.305189 
0.311986 
0.31207 
0.311774 
0.305404 
0.305586 
0.305322 
0.311377 
0.311989 
0.311852 
0.312074 
0.311943 
0.304997 
0.305186 
0.305381 
0.311256 
0.311387 
0.304863 
0.304743 
0.304616 
0.304593 
0.304238 
0.310283 
0.303903 
0.310576 
0.304183 
0.310908 
0.30431 
0.310859 
0.310645 
0.310684 
0.311022 
0.304056 
0.304092 
0.304326 
0.304518 
0.311032 
0.310628 
0.310277 
0.310111 
0.304095 
0.30415 
0.311094 
0.310671 
0.305081 
0.304437 
0.310622 
0.304382 
0.304482 
0.304092 
0.304297 
0.296159 
0.290592 
0.296585 
0.291572 
0.29278 
0.602692 
0.602858 
0.600055 
0.9368 
0.934229 
0.929896 
0.827728 
0.69918 
0.644333 
0.666299 
0.581442 
0.541032 
0.484798 
0.475286 
0.452549 
0.426908 
0.319108 
0.26833 
0.196973 
0.0649316 
0.0600781 
0.0821745 
