0.666667 
0.666979 
0.664974 
0.663926 
0.66457 
0.669316 
0.669316 
0.668639 
0.669876 
0.670225 
0.668506 
0.66819 
0.663584 
0.66764 
0.66821 
0.662956 
0.669746 
0.668861 
0.667594 
0.667174 
0.666911 
0.662357 
0.666921 
0.666829 
0.665677 
0.660417 
0.660479 
0.666631 
0.668802 
0.668532 
0.66277 
0.661777 
0.696029 
0.694323 
0.691325 
0.573418 
0.432109 
0.344303 
0.246481 
0.497933 
0.0805697 
0.331562 
0.419079 
0.389268 
0.415072 
0.422383 
0.464059 
0.489141 
0.529014 
0.531836 
0.531156 
0.543714 
0.568343 
0.576842 
0.586113 
0.582012 
0.56196 
0.55571 
0.550693 
0.558568 
0.549544 
0.565934 
0.549994 
0.549427 
0.544456 
0.554378 
0.548483 
0.534264 
0.499674 
0.355508 
0.338229 
0.335863 
0.337559 
0.349896 
0.500749 
0.508545 
0.471937 
0.463763 
0.436745 
0.437044 
0.425599 
0.405342 
0.356491 
0.323734 
0.320768 
0.286006 
0.267002 
0.276016 
0.265609 
0.261406 
0.268896 
0.252327 
0.274616 
0.288395 
0.289606 
0.310602 
0.356396 
0.393398 
0.401198 
0.419938 
0.426455 
0.431595 
0.415199 
0.39932 
0.416468 
0.419723 
0.385417 
0.378294 
0.358395 
0.345088 
0.339238 
0.328262 
0.32652 
0.309818 
0.31612 
0.350807 
0.375547 
0.392786 
0.393512 
0.4289 
0.418698 
0.417533 
0.421146 
0.337497 
0.352471 
0.423356 
0.488324 
0.494131 
0.510006 
0.419479 
0.31846 
0.201279 
0.202728 
0.265755 
0.275524 
0.39847 
0.432565 
0.370381 
0.429131 
0.298962 
0.229134 
0.244297 
0.249427 
0.380492 
0.337448 
0.607256 
0.596374 
0.324688 
0.249046 
0.247926 
