117.237 
117.249 
117.266 
117.388 
117.414 
117.467 
117.398 
117.28 
117.122 
116.961 
116.943 
117.012 
117.02 
117.163 
117.239 
117.357 
117.618 
117.723 
117.954 
117.892 
117.809 
117.746 
117.661 
117.633 
117.706 
117.716 
117.763 
117.754 
117.769 
117.9 
118.046 
118.136 
118.316 
118.297 
118.086 
117.905 
117.669 
117.595 
117.451 
117.486 
117.487 
117.445 
117.503 
117.56 
117.633 
117.784 
117.714 
117.633 
117.458 
117.353 
117.446 
117.39 
117.501 
117.609 
117.552 
117.751 
117.751 
117.937 
117.999 
117.974 
117.868 
117.668 
117.47 
117.441 
117.395 
117.522 
117.524 
117.516 
117.613 
117.608 
117.746 
117.758 
117.784 
117.628 
117.539 
117.239 
117.14 
117.125 
117.112 
117.122 
117.096 
117.145 
117.178 
117.263 
117.243 
117.095 
117.054 
116.889 
116.885 
116.827 
116.938 
117.125 
117.125 
117.111 
117.195 
117.218 
117.504 
117.539 
117.51 
117.29 
117.077 
116.967 
116.881 
116.883 
116.865 
116.94 
117.041 
117.024 
117.202 
117.328 
117.386 
117.341 
117.019 
116.917 
116.82 
116.685 
116.771 
116.099 
115.503 
114.428 
114.575 
114.862 
116.39 
115.915 
116.295 
116.647 
116.144 
113.49 
104.599 
104.792 
102.692 
96.1655 
98.6934 
98.3627 
92.0132 
103.443 
121.785 
154.485 
181.165 
180.985 
161.997 
158.398 
115.246 
113.984 
95.9351 
84.6376 
88.3787 
86.2102 
98.816 
111.375 
120.637 
154.81 
177.124 
189.398 
166.393 
167.05 
137.29 
130.684 
103.353 
101.176 
104.714 
119.935 
120.1 
121.652 
127.894 
126.966 
126.349 
91.3868 
42.3117 
52.0646 
69.8426 
59.3518 
61.9116 
67.235 
112.049 
159.733 
175.98 
163.79 
184.757 
199.144 
138.355 
128.118 
125.442 
124.849 
124.878 
126.15 
126.602 
124.534 
112.207 
104.593 
87.2235 
70.1373 
63.3659 
79.6926 
101.777 
180.124 
226.137 
202.802 
142.351 
100.254 
90.3894 
85.0967 
90.0377 
88.1535 
88.0611 
80.3754 
61.838 
26.0404 
16.6421 
20.9088 
19.2091 
19.5217 
64.9581 
135.372 
127.246 
147.426 
161.07 
188.861 
237.551 
249.667 
243.73 
216.699 
209.614 
192.099 
181.584 
142.859 
137.512 
137.502 
128.51 
128.463 
128.411 
128.446 
128.421 
128.444 
128.435 
128.383 
128.351 
128.286 
128.214 
128.113 
128.078 
127.969 
127.898 
127.767 
127.697 
127.62 
127.596 
127.589 
127.533 
127.544 
