126.329 
126.085 
125.465 
125.312 
125.305 
125.341 
125.309 
125.223 
125.261 
125.361 
125.32 
125.285 
124.952 
124.422 
124.046 
124.341 
123.969 
123.916 
123.751 
123.516 
122.643 
122.658 
122.924 
122.772 
122.64 
122.729 
122.951 
123.414 
123.839 
124.149 
124.532 
124.706 
125.153 
125.569 
125.782 
125.694 
125.356 
124.878 
124.708 
124.856 
125.074 
125.849 
125.94 
125.83 
125.995 
126.159 
126.132 
125.976 
126.018 
125.798 
125.585 
125.528 
125.516 
125.352 
125.306 
125.499 
125.614 
125.747 
125.537 
125.487 
125.028 
124.693 
124.495 
124.512 
124.78 
124.748 
124.704 
125.058 
125.082 
125.274 
125.286 
125.129 
124.891 
124.959 
125.306 
125.497 
126.011 
125.904 
125.91 
125.971 
125.824 
125.58 
125.393 
125.199 
125.201 
125.393 
125.693 
126.063 
126.21 
126.519 
126.853 
126.899 
126.461 
126.371 
126.025 
125.818 
125.714 
125.869 
125.993 
125.889 
125.872 
126.093 
126.304 
126.057 
125.629 
125.495 
125.345 
125.207 
124.977 
125.167 
125.554 
125.552 
125.506 
125.837 
125.894 
125.252 
125.214 
125.022 
125.027 
125.366 
125.346 
125.33 
125.368 
125.447 
126.07 
126.212 
126.186 
125.86 
125.763 
125.371 
125.168 
125.404 
125.467 
125.659 
125.621 
125.509 
125.698 
125.745 
125.576 
125.381 
125.218 
125.048 
124.823 
125.097 
125.283 
125.396 
125.563 
125.894 
126.125 
126.291 
126.279 
126.172 
125.911 
125.79 
125.865 
125.921 
126.316 
126.389 
126.516 
126.759 
126.806 
127.043 
126.874 
126.643 
126.68 
126.406 
126.271 
126.402 
126.658 
126.778 
126.834 
126.969 
127.154 
127.251 
127.174 
127.001 
126.842 
126.481 
126.438 
126.683 
126.937 
127.253 
127.453 
127.533 
127.86 
128.089 
128.052 
128.07 
127.603 
126.918 
126.788 
127.118 
127.344 
127.867 
128.193 
128.532 
127.057 
121.075 
104.485 
108.576 
128.977 
135.946 
148.379 
149.931 
131.516 
128.461 
125.177 
119.223 
114.078 
106.328 
106.897 
101.764 
100.516 
107.808 
105.214 
103.11 
106.375 
104.489 
98.6495 
108.949 
114.32 
136.922 
152.889 
201.753 
201.479 
225.535 
155.805 
151.973 
149.239 
124.026 
121.517 
120.1 
120.674 
121.827 
121.621 
117.917 
118.1 
121.351 
120.162 
113.667 
112.848 
112.508 
115.907 
118.431 
121.759 
125.012 
130.056 
131.648 
135.119 
136.687 
