116.66 
116.423 
115.882 
115.809 
115.867 
115.856 
115.831 
115.834 
115.866 
115.892 
115.848 
115.739 
115.382 
114.93 
114.699 
114.977 
114.653 
114.644 
114.487 
114.316 
113.547 
113.51 
113.679 
113.493 
113.408 
113.457 
113.729 
114.163 
114.613 
114.891 
115.196 
115.408 
115.806 
116.153 
116.216 
116.124 
115.881 
115.468 
115.418 
115.483 
115.745 
116.41 
116.495 
116.392 
116.52 
116.65 
116.63 
116.557 
116.58 
116.431 
116.234 
116.151 
116.196 
116.066 
116.029 
116.139 
116.256 
116.448 
116.205 
116.225 
115.891 
115.587 
115.44 
115.435 
115.625 
115.669 
115.577 
115.853 
115.874 
116.085 
116.134 
116.015 
115.812 
115.85 
116.082 
116.268 
116.71 
116.549 
116.587 
116.615 
116.507 
116.276 
116.176 
116.066 
115.988 
116.201 
116.592 
116.945 
117.067 
117.386 
117.687 
117.691 
117.352 
117.278 
117.017 
116.815 
116.749 
116.894 
117.034 
116.914 
116.93 
117.093 
117.207 
117.049 
116.61 
116.494 
116.319 
116.167 
115.965 
116.101 
116.5 
116.469 
116.444 
116.705 
116.709 
116.178 
116.112 
116.052 
116.071 
116.356 
116.406 
116.295 
116.299 
116.389 
116.934 
117.068 
117.03 
116.718 
116.717 
116.352 
116.186 
116.437 
116.481 
116.628 
116.593 
116.472 
116.562 
116.633 
116.425 
116.256 
116.174 
116.042 
115.916 
116.199 
116.316 
116.348 
116.465 
116.782 
116.975 
117.069 
117.021 
117.039 
116.818 
116.692 
116.811 
116.77 
117.066 
117.147 
117.298 
117.438 
117.475 
117.696 
117.495 
117.389 
117.384 
117.222 
117.093 
117.201 
117.407 
117.499 
117.524 
117.616 
117.898 
118 
117.92 
117.776 
117.717 
117.333 
117.274 
117.409 
117.63 
117.85 
117.943 
118.095 
118.36 
118.547 
118.548 
118.618 
118.256 
117.737 
117.58 
117.917 
118.098 
118.503 
118.712 
118.965 
117.825 
112.776 
100.346 
106.22 
128.859 
135.626 
144.588 
145.285 
126.861 
123.017 
119.568 
113.199 
109.761 
103.066 
104.076 
100.029 
99.9551 
107.341 
105.018 
102.958 
106.294 
104.755 
100.044 
110.416 
117.04 
139.363 
156.22 
207.05 
199.526 
226.179 
158.379 
152.672 
151.663 
127.279 
122.801 
121.734 
121.993 
122.469 
122.331 
119.074 
119.323 
122.357 
121.284 
115.345 
113.642 
112.563 
114.863 
116.643 
118.309 
120.732 
128.331 
129.409 
132.053 
134.988 
