119.355 
119.699 
119.668 
119.882 
119.64 
119.954 
119.881 
120.044 
119.806 
120.079 
119.967 
120.029 
119.798 
120.039 
119.959 
120.103 
119.902 
120.143 
120.036 
120.171 
119.982 
120.204 
120.064 
120.262 
120.037 
120.33 
120.238 
120.325 
120.088 
120.323 
120.164 
120.254 
120.068 
120.418 
120.321 
120.472 
120.156 
120.454 
120.267 
120.24 
119.804 
120.032 
119.948 
120.001 
119.753 
119.976 
119.88 
119.934 
119.547 
119.94 
119.876 
119.989 
120.064 
120.485 
120.73 
120.621 
120.585 
120.923 
120.815 
120.961 
120.685 
120.962 
120.67 
120.764 
120.401 
120.625 
120.475 
120.629 
120.394 
120.735 
120.655 
120.66 
120.31 
120.766 
120.702 
120.933 
120.561 
120.839 
120.706 
120.811 
120.511 
120.895 
120.759 
120.933 
120.68 
120.857 
120.775 
120.816 
120.639 
120.986 
