104.977 
104.995 
104.934 
104.94 
104.955 
104.97 
104.917 
104.943 
104.956 
104.962 
104.922 
104.968 
104.971 
104.948 
104.908 
104.928 
104.927 
104.928 
104.898 
104.904 
104.9 
104.892 
104.841 
104.871 
104.88 
104.892 
104.871 
104.898 
104.891 
104.883 
104.842 
104.863 
104.895 
104.89 
104.855 
104.883 
104.883 
104.901 
104.863 
104.885 
104.897 
104.911 
104.868 
104.909 
104.9 
104.911 
104.86 
104.9 
104.903 
104.912 
104.892 
104.918 
104.901 
104.914 
104.881 
104.916 
104.896 
104.906 
104.85 
104.867 
104.873 
104.87 
104.824 
104.863 
104.861 
104.867 
104.844 
104.874 
104.864 
104.864 
104.842 
104.874 
104.877 
104.871 
104.826 
104.872 
104.862 
104.873 
104.848 
104.876 
104.869 
104.87 
104.828 
104.875 
104.876 
104.877 
104.844 
104.879 
104.872 
104.881 
104.846 
104.884 
104.888 
104.897 
104.867 
104.901 
104.888 
104.909 
104.862 
104.898 
104.915 
104.923 
104.891 
104.896 
104.894 
104.895 
104.845 
104.878 
104.884 
104.9 
104.858 
104.88 
104.894 
104.895 
104.864 
104.901 
104.898 
104.893 
104.851 
104.859 
104.854 
104.871 
104.819 
104.852 
104.859 
104.863 
104.836 
104.869 
104.869 
104.857 
104.84 
104.867 
104.867 
104.861 
104.808 
104.838 
104.841 
104.844 
104.801 
104.811 
104.807 
104.826 
104.788 
104.813 
104.816 
104.847 
104.801 
104.832 
104.798 
104.819 
