0.242214 
0.245843 
0.202734 
0.184899 
0.181615 
0.0833301 
0.0825423 
0.102474 
0.0769531 
0.0989355 
0.150277 
0.169131 
0.12613 
0.158145 
0.22668 
0.271462 
0.347139 
0.39902 
0.389492 
0.387256 
0.384124 
0.382646 
0.39029 
0.411361 
0.460407 
0.498203 
0.596553 
0.674007 
0.788203 
0.811559 
0.577298 
0.481035 
0.378174 
0.387334 
0.384505 
0.383626 
0.405654 
0.400771 
0.408457 
0.407158 
0.420094 
0.425612 
0.435319 
0.439844 
0.436429 
0.438258 
0.436143 
0.437588 
0.436237 
0.439717 
0.441637 
0.440915 
0.439382 
0.43555 
0.435859 
0.437448 
0.431637 
0.431908 
0.431341 
0.432715 
0.438197 
0.435234 
0.435296 
0.43277 
0.43846 
0.427721 
0.430547 
0.429668 
0.432425 
0.433704 
0.432272 
0.429189 
0.41501 
0.418542 
0.428962 
0.431501 
0.429076 
0.424844 
0.427181 
0.423294 
0.427676 
0.429723 
0.42526 
0.424176 
0.428776 
0.425065 
0.432578 
0.425573 
0.428913 
0.425778 
0.419535 
0.419993 
0.416546 
0.416195 
0.427467 
0.423779 
0.425938 
0.424561 
0.426592 
0.431312 
0.431943 
0.435283 
0.434915 
0.430879 
0.430488 
0.429456 
0.427936 
0.427894 
0.431214 
0.432354 
0.432728 
0.430931 
0.436107 
0.431156 
0.433324 
0.436745 
0.427725 
0.426097 
0.430589 
0.450042 
0.44694 
0.449779 
0.445778 
0.44682 
0.450088 
0.452715 
0.449782 
0.444245 
0.441523 
0.449193 
0.448001 
0.450853 
0.451318 
0.450267 
0.449717 
0.445322 
0.446217 
0.443929 
0.445501 
0.443171 
0.443825 
0.447174 
0.448776 
0.444313 
0.446436 
0.441009 
0.44138 
0.438232 
0.446768 
0.453024 
