124.161 
124.167 
124.284 
124.354 
124.439 
124.536 
124.431 
124.296 
124.068 
123.876 
123.809 
123.915 
123.873 
124.075 
124.177 
124.376 
124.731 
124.869 
125.087 
125.061 
124.949 
124.925 
122.995 
122.874 
122.911 
122.931 
123.017 
123.001 
122.983 
123.215 
123.4 
123.492 
123.684 
123.681 
123.372 
123.209 
122.902 
122.807 
122.607 
122.629 
122.618 
122.605 
122.623 
122.672 
122.776 
122.95 
122.88 
122.752 
122.509 
122.418 
122.482 
122.455 
122.604 
122.755 
122.756 
122.881 
122.912 
123.166 
123.19 
123.203 
123.099 
122.825 
122.561 
122.572 
122.526 
122.656 
124.386 
124.472 
124.573 
124.546 
124.685 
124.76 
124.735 
122.79 
122.614 
122.207 
123.828 
123.768 
123.916 
123.834 
123.812 
123.827 
123.868 
123.915 
123.912 
123.793 
123.715 
123.479 
123.473 
123.501 
123.605 
123.874 
123.78 
123.815 
123.927 
123.948 
124.258 
124.387 
124.273 
124.063 
123.843 
123.628 
123.525 
123.557 
123.527 
123.59 
123.771 
123.812 
124.123 
124.246 
124.324 
124.24 
123.906 
123.698 
123.617 
123.41 
123.399 
122.023 
120.958 
118.976 
118.836 
118.332 
118.881 
117.773 
117.47 
117.431 
115.703 
112.343 
102.241 
101.735 
100.861 
92.3923 
94.0788 
98.194 
92.1387 
100.067 
117.433 
146.533 
171.355 
170.936 
161.253 
158.331 
115.983 
115.255 
97.4457 
86.8687 
87.6249 
86.8939 
101.62 
111.59 
120.701 
154.373 
174.124 
185.78 
153.059 
153.282 
137.113 
130.917 
103.929 
101.269 
104.008 
118.198 
118.675 
119.419 
125.501 
126.986 
126.565 
94.8107 
44.8338 
57.2349 
77.9989 
65.9473 
71.1797 
77.3125 
128.377 
168.533 
184.418 
172.665 
185.493 
200.011 
137.855 
134.271 
132.509 
132.393 
130.874 
131.354 
129.161 
125.235 
109.502 
101.258 
85.9119 
70.7598 
65.2828 
86.6358 
102.346 
170.604 
210.526 
185.72 
133.308 
91.4105 
88.5546 
83.7173 
90.2993 
89.2087 
89.768 
82.1737 
62.9721 
26.2462 
15.8968 
20.1054 
17.5921 
18.6434 
66.0908 
149.88 
122.257 
127.215 
157.173 
182.6 
235.802 
249.759 
243.897 
216.967 
209.893 
191.945 
181.404 
142.301 
137.118 
137.084 
127.972 
127.918 
127.91 
127.871 
127.815 
127.822 
127.773 
127.729 
127.682 
127.642 
127.613 
127.579 
127.538 
127.419 
127.37 
127.319 
127.28 
127.258 
127.208 
127.209 
127.213 
127.219 
