130.181 
130.106 
130.092 
130.106 
130.071 
130.07 
129.991 
129.96 
129.834 
129.73 
129.658 
129.778 
129.721 
129.855 
129.891 
129.964 
130.243 
130.312 
130.434 
130.4 
130.44 
130.514 
130.504 
130.435 
130.492 
130.53 
130.596 
130.471 
130.36 
130.473 
130.589 
130.622 
130.684 
130.655 
130.469 
130.366 
130.186 
130.09 
129.882 
129.975 
129.92 
129.878 
129.82 
129.768 
129.838 
129.863 
129.859 
129.792 
129.679 
129.645 
129.792 
129.713 
129.929 
130.033 
129.968 
129.987 
129.97 
130.132 
130.125 
130.092 
130.049 
129.976 
129.953 
129.976 
129.988 
130.181 
130.147 
130.243 
130.261 
130.121 
130.203 
130.148 
130.12 
130.046 
129.955 
129.753 
129.745 
129.717 
129.821 
129.755 
129.64 
129.621 
129.519 
129.449 
129.386 
129.399 
129.384 
129.346 
129.377 
129.445 
129.592 
129.821 
129.684 
129.615 
129.666 
129.623 
129.861 
129.876 
129.874 
129.822 
129.727 
129.682 
129.584 
129.648 
129.622 
129.644 
129.728 
129.73 
130.029 
130.109 
130.127 
130.145 
129.944 
129.824 
129.821 
129.59 
129.549 
127.758 
126.389 
123.848 
123.404 
122.136 
121.747 
120.25 
119.471 
119.217 
116.801 
113.168 
102.463 
101.866 
100.866 
91.8596 
93.4312 
96.6926 
88.352 
81.9994 
94.6522 
142.738 
162.842 
162.184 
163.168 
162.567 
123.166 
115.392 
99.2338 
90.3072 
86.173 
87.147 
103.198 
112.034 
120.152 
149.446 
170.927 
179.7 
139.804 
139.559 
136.714 
131.633 
106.157 
102.058 
103.663 
116.389 
117.069 
117.775 
122.954 
127.699 
128.191 
102.456 
51.0321 
69.5656 
101.738 
86.1781 
80.3868 
88.0123 
142.315 
177.162 
190.184 
179.509 
187.328 
205.215 
145.897 
140.779 
139.075 
138.767 
137.83 
137.976 
132.619 
127.685 
110.262 
101.238 
84.9729 
69.0958 
62.9201 
81.336 
103.541 
155.83 
186.672 
178.87 
140.323 
96.0154 
88.591 
85.1422 
94.3409 
94.4347 
90.6243 
83.4954 
65.4786 
28.2382 
16.3758 
19.9377 
17.7543 
19.5695 
69.5253 
164.548 
121.973 
134.536 
156.84 
175.732 
233.117 
248.923 
243.68 
216.529 
209.42 
191.235 
180.742 
137.107 
137.7 
137.671 
128.877 
128.851 
128.796 
128.795 
128.756 
128.717 
128.675 
128.653 
128.547 
128.5 
128.474 
128.362 
128.325 
128.231 
128.16 
128.069 
127.979 
127.965 
127.9 
127.911 
127.91 
127.902 
