132.077 
132.082 
131.982 
131.886 
131.951 
131.896 
131.903 
131.904 
131.839 
131.77 
131.799 
131.807 
131.736 
131.603 
131.552 
131.593 
131.46 
131.468 
131.428 
131.472 
131.628 
131.576 
131.651 
131.646 
131.686 
131.829 
131.78 
131.936 
131.883 
131.859 
131.914 
131.99 
132.114 
132.17 
132.205 
132.197 
132.2 
132.265 
132.236 
132.147 
132.172 
132.013 
132.003 
132.024 
131.945 
132.073 
132.028 
131.977 
131.991 
131.921 
131.983 
131.935 
131.931 
131.813 
131.599 
131.544 
131.513 
131.575 
131.649 
131.641 
131.71 
131.626 
131.831 
131.886 
131.865 
131.93 
131.905 
131.816 
131.854 
131.909 
131.91 
131.971 
131.99 
131.955 
131.952 
132.001 
131.995 
131.953 
131.947 
131.899 
131.715 
131.727 
131.573 
131.536 
131.543 
131.454 
131.571 
131.556 
131.626 
131.558 
131.465 
131.428 
131.179 
131.126 
131.105 
131.088 
131.103 
131.114 
131.156 
131.231 
131.264 
131.186 
131.252 
131.138 
131.079 
131.177 
131.174 
131.349 
131.273 
131.336 
131.435 
131.432 
131.578 
131.548 
131.555 
131.498 
131.395 
131.376 
131.31 
131.324 
131.354 
131.363 
131.398 
131.344 
131.433 
131.425 
131.354 
131.299 
131.282 
130.96 
130.957 
130.896 
130.854 
130.913 
130.903 
131.033 
130.912 
130.937 
131.032 
130.934 
130.905 
130.84 
130.782 
130.795 
130.836 
130.864 
130.937 
131.009 
131.046 
131.12 
131.184 
131.359 
131.313 
131.315 
131.188 
131.136 
131.119 
131.117 
131.223 
131.274 
131.303 
131.382 
131.453 
131.518 
131.528 
131.414 
131.427 
131.171 
131.057 
131.044 
130.976 
131.056 
130.981 
131.027 
130.979 
130.986 
130.891 
130.775 
130.71 
130.48 
130.516 
130.456 
130.565 
130.611 
130.67 
130.73 
130.736 
130.855 
130.872 
130.872 
130.854 
130.742 
130.746 
130.81 
130.824 
130.878 
130.845 
130.944 
130.962 
131.017 
131.085 
131.078 
131.077 
131.084 
130.939 
130.931 
130.907 
130.872 
130.911 
130.897 
130.806 
130.806 
130.811 
130.858 
130.788 
130.713 
130.646 
130.497 
130.453 
130.337 
130.378 
130.355 
130.347 
130.381 
130.32 
130.429 
130.428 
130.419 
130.373 
130.349 
130.206 
130.238 
130.235 
130.294 
130.37 
130.423 
130.532 
130.61 
130.752 
130.818 
130.814 
130.76 
130.733 
130.669 
130.69 
130.645 
130.673 
130.677 
130.773 
130.773 
