115.543 
115.451 
115.318 
115.193 
115.217 
115.187 
115.152 
115.257 
115.304 
115.38 
115.4 
115.535 
115.526 
115.442 
115.262 
115.222 
115.026 
115.025 
115.049 
115.044 
115.18 
115.175 
115.314 
115.386 
115.493 
115.674 
115.657 
115.609 
115.522 
115.388 
115.466 
115.366 
115.589 
115.612 
115.719 
115.79 
115.882 
115.983 
116.038 
115.913 
115.88 
115.699 
115.631 
115.627 
115.605 
115.696 
115.78 
115.749 
115.862 
115.886 
116.06 
116.008 
115.874 
115.722 
115.428 
115.413 
115.36 
115.419 
115.458 
115.519 
115.625 
115.644 
115.865 
115.896 
115.862 
115.844 
115.719 
115.595 
115.607 
115.572 
115.599 
115.689 
115.776 
115.802 
115.864 
115.982 
116.099 
115.962 
115.857 
115.793 
115.633 
115.639 
115.56 
115.529 
115.554 
115.576 
115.754 
115.816 
115.877 
115.771 
115.679 
115.573 
115.34 
115.201 
115.206 
115.237 
115.244 
115.278 
115.396 
115.576 
115.593 
115.507 
115.451 
115.274 
115.159 
115.191 
115.154 
115.239 
115.228 
115.304 
115.436 
115.502 
115.693 
115.726 
115.68 
115.546 
115.415 
115.279 
115.184 
115.183 
115.209 
115.24 
115.326 
115.344 
115.517 
115.538 
115.592 
115.516 
115.392 
115.08 
115.01 
115.035 
114.934 
114.987 
115.008 
115.197 
115.163 
115.253 
115.398 
115.345 
115.205 
115.134 
114.954 
114.951 
114.958 
114.983 
115.047 
115.153 
115.148 
115.316 
115.391 
115.574 
115.413 
115.357 
115.175 
115.173 
115.145 
115.107 
115.208 
115.256 
115.336 
115.474 
115.533 
115.651 
115.675 
115.57 
115.467 
115.22 
115.148 
115.105 
115.11 
115.185 
115.172 
115.252 
115.257 
115.396 
115.413 
115.199 
115.142 
114.849 
114.884 
114.835 
114.891 
114.917 
114.999 
115.087 
115.181 
115.298 
115.37 
115.322 
115.187 
114.989 
114.936 
114.911 
114.918 
114.927 
114.993 
115.143 
115.238 
115.31 
115.427 
115.493 
115.33 
115.286 
115.068 
115.026 
114.956 
114.938 
114.986 
114.991 
114.997 
115.107 
115.202 
115.259 
115.356 
115.252 
115.035 
114.892 
114.841 
114.753 
114.699 
114.713 
114.715 
114.81 
114.816 
114.959 
114.973 
115.086 
115.002 
114.899 
114.672 
114.648 
114.59 
114.663 
114.683 
114.757 
114.866 
114.975 
115.129 
115.275 
115.334 
115.233 
115.195 
115.025 
114.988 
114.915 
114.889 
114.911 
114.998 
114.998 
