135.765 
135.626 
135.159 
135.059 
135.08 
135.102 
134.982 
134.797 
134.78 
134.725 
134.639 
134.401 
134.134 
133.722 
133.501 
133.831 
133.424 
133.439 
133.147 
132.859 
131.799 
131.605 
131.835 
131.583 
131.505 
131.798 
132.163 
132.73 
133.248 
133.584 
133.896 
134.08 
134.447 
134.869 
134.908 
134.818 
134.605 
134.251 
134.134 
134.315 
134.554 
135.36 
135.423 
135.222 
135.272 
135.375 
135.27 
135.226 
135.46 
135.268 
135.066 
135.002 
135.027 
134.775 
134.67 
134.777 
134.835 
134.866 
134.657 
134.838 
134.515 
134.18 
134.022 
134.019 
134.228 
134.155 
133.997 
134.251 
134.264 
134.498 
134.64 
134.641 
134.501 
134.604 
134.98 
135.191 
135.608 
135.466 
135.374 
135.364 
135.147 
134.979 
135.063 
135.044 
135.058 
135.277 
135.631 
136.005 
136.105 
136.353 
136.595 
136.576 
136.232 
136.228 
136.031 
135.886 
135.767 
135.9 
136.024 
135.803 
135.755 
135.88 
135.971 
135.757 
135.539 
135.495 
135.506 
135.383 
135.133 
135.342 
135.708 
135.661 
135.502 
135.75 
135.734 
135.171 
135.236 
135.284 
135.393 
135.766 
135.774 
135.729 
135.637 
135.674 
136.213 
136.277 
136.166 
135.967 
135.993 
135.739 
135.54 
135.795 
135.852 
135.977 
135.87 
135.574 
135.613 
135.608 
135.299 
135.175 
135.188 
135.045 
134.84 
135.128 
135.278 
135.304 
135.455 
135.687 
135.842 
135.871 
135.822 
135.846 
135.705 
135.636 
135.759 
135.808 
136.188 
136.226 
136.239 
136.425 
136.389 
136.495 
136.328 
136.284 
136.395 
136.258 
136.112 
136.25 
136.474 
136.54 
136.502 
136.59 
136.646 
136.592 
136.61 
136.613 
136.533 
136.216 
136.167 
136.44 
136.695 
136.993 
137.084 
137.113 
137.353 
137.487 
137.559 
137.658 
137.332 
136.65 
136.459 
136.854 
137.078 
137.602 
137.907 
138.132 
136.285 
129.418 
109.136 
111.408 
131.923 
140.277 
151.696 
153.241 
134.248 
131.323 
127.854 
121.422 
117.646 
109.514 
110.021 
104.124 
101.524 
108.548 
105.439 
103.23 
104.864 
101.571 
96.0142 
103.205 
106.107 
131.677 
144.17 
186.33 
203.338 
222.48 
151.706 
152.07 
148.997 
123.428 
120.767 
119.344 
119.937 
121.404 
121.232 
117.542 
117.746 
120.858 
119.612 
112.968 
112.261 
112.451 
116.191 
118.793 
122.439 
125.936 
129.796 
131.487 
135.216 
136.951 
