0.00297852 
0.00580078 
0.00298503 
0.00575521 
0.00341471 
0.00337891 
0.00191732 
0.00286784 
0.00527344 
0.00773763 
0.00270833 
0.00828451 
0.00911458 
0.00568359 
0.00677083 
0.00996419 
0.0112728 
0.0124219 
0.0128353 
0.0134342 
0.0135742 
0.0140495 
0.0145801 
0.0148633 
0.0152148 
0.0153906 
0.0157194 
0.0158659 
0.0162565 
0.0164225 
0.0165072 
0.0165462 
0.0172559 
0.0171257 
0.016875 
0.0164453 
0.0161361 
0.0149902 
0.0139941 
0.0132682 
0.0124674 
0.0144466 
0.067028 
0.100443 
0.162292 
0.200788 
0.257015 
0.309733 
0.342406 
0.397435 
0.420505 
0.424935 
0.424284 
0.423617 
0.424421 
0.424551 
0.425358 
0.426676 
0.435736 
0.435719 
0.434473 
0.434274 
0.434655 
0.434453 
0.424919 
0.425107 
0.425036 
0.434102 
0.434658 
0.434121 
0.424378 
0.425524 
0.426992 
0.426999 
0.417126 
0.417074 
0.416849 
0.434261 
0.434235 
0.433981 
0.434583 
0.43403 
0.434938 
0.444658 
0.444368 
0.446061 
0.446436 
0.446999 
0.446253 
0.446156 
0.436517 
0.435576 
0.435729 
0.435775 
0.436038 
0.435049 
0.425964 
0.425557 
0.425404 
0.435238 
0.436484 
0.437236 
0.429196 
0.428633 
0.429593 
0.429788 
0.427949 
0.429378 
0.428659 
0.438213 
0.436143 
0.436253 
0.435557 
0.435228 
0.436029 
0.435911 
0.436348 
0.437402 
0.43889 
0.438675 
0.438831 
0.43723 
0.437539 
0.436989 
0.43667 
0.445163 
0.444209 
0.444033 
0.426211 
0.425957 
0.425566 
0.435368 
0.435094 
0.436748 
0.438066 
0.437913 
0.438499 
0.43901 
0.438564 
0.438138 
0.436829 
0.437744 
0.436436 
0.437165 
0.436924 
0.435342 
0.435547 
0.436195 
0.435752 
0.436117 
