121.536 
121.277 
121.304 
120.978 
121.32 
121.089 
121.085 
120.699 
121.219 
121.386 
121.193 
121.119 
121.424 
121.295 
121.344 
121.115 
121.44 
121.292 
121.271 
120.923 
121.184 
121.092 
121.242 
121.077 
121.324 
121.091 
121.156 
120.789 
120.944 
120.774 
120.857 
120.546 
120.766 
120.628 
120.674 
120.44 
120.706 
120.599 
120.555 
120.619 
120.519 
120.41 
120.453 
120.179 
120.103 
120.049 
119.863 
119.514 
119.327 
118.86 
118.021 
117.444 
117.749 
117.6 
117.524 
117.024 
117.033 
116.503 
116.285 
115.783 
115.94 
115.746 
115.705 
115.506 
115.726 
115.559 
115.487 
115.034 
119.258 
119.57 
119.43 
119.408 
119.603 
119.502 
119.597 
119.147 
119.43 
119.282 
119.551 
119.313 
119.636 
119.509 
119.535 
119.117 
119.42 
119.505 
119.367 
119.314 
119.549 
119.469 
119.546 
119.355 
119.699 
119.668 
119.882 
119.64 
119.954 
119.881 
120.044 
119.806 
120.079 
119.967 
120.029 
119.798 
120.039 
119.959 
120.103 
119.902 
120.143 
120.036 
120.171 
119.982 
120.204 
120.064 
120.262 
120.037 
120.33 
120.238 
120.325 
120.088 
120.323 
120.164 
120.254 
120.068 
120.418 
120.321 
120.472 
120.156 
120.454 
120.267 
120.24 
119.804 
120.032 
119.948 
120.001 
119.753 
119.976 
119.88 
119.934 
119.547 
119.94 
119.876 
119.989 
120.064 
120.485 
120.73 
120.621 
120.585 
120.923 
120.815 
