126.145 
126.155 
126.121 
126.137 
126.15 
126.134 
126.111 
126.083 
126.066 
126.037 
126.03 
125.967 
125.939 
125.79 
125.722 
125.541 
125.453 
127.572 
128.507 
125.029 
134.299 
149.622 
102.293 
82.5806 
63.9085 
65.5625 
51.05 
39.1095 
40.7706 
38.183 
45.3231 
119.55 
134.592 
170.291 
178.092 
187.379 
197.957 
200.122 
152.829 
137.365 
114.111 
107.537 
114.512 
105.182 
107.212 
119.083 
122.198 
120.142 
116.628 
119.162 
113.969 
111.77 
116.464 
115.701 
109.039 
107.197 
103.482 
100.076 
102.489 
96.7727 
94.2752 
92.0915 
93.5489 
102.221 
104.795 
111.316 
120.06 
121.365 
119.462 
116.736 
114.254 
114.065 
114.118 
114.68 
114.706 
115.333 
115.742 
116.253 
116.065 
116.008 
115.971 
116.294 
113.187 
110.532 
107.353 
107.089 
111.28 
112.14 
111.266 
118.668 
121.574 
122.937 
123.561 
120.842 
120.639 
121.165 
121.5 
124.535 
126.745 
125.917 
125.035 
124.98 
125.334 
122.489 
121.498 
121.777 
123.92 
123.519 
123.374 
123.038 
122.513 
122.055 
122.642 
124.945 
125.558 
125.437 
127.321 
127.995 
128.799 
127.999 
127.013 
126.725 
126.467 
126.373 
126.726 
127.594 
127.878 
128.69 
128.377 
127.931 
127.28 
127.306 
125.215 
124.639 
123.593 
122.739 
121.074 
119.802 
119.156 
117.908 
117.509 
117.601 
117.855 
120.223 
120.274 
118.634 
119.049 
118.824 
121.75 
120.852 
121.646 
121.684 
120.929 
120.368 
120.518 
121.443 
121.347 
122.017 
121.746 
120.508 
119.894 
119.579 
123.393 
123.655 
123.728 
125.413 
126.289 
125.461 
124.433 
124.505 
124.499 
125.936 
125.231 
122.958 
120.624 
118.649 
118.577 
118.945 
119.98 
119.758 
118.713 
118.932 
120.746 
120.499 
120.607 
121.745 
122.457 
122.3 
122.468 
123.568 
123.955 
124.151 
124.145 
124.41 
124.343 
123.931 
124.321 
125.094 
125.898 
126.081 
124.461 
124.586 
124.947 
125.547 
125.837 
128.697 
129.472 
131.072 
131.124 
129.323 
128.481 
128.297 
128.857 
128.301 
128.356 
127.091 
127.208 
126.044 
126.195 
127.143 
128.043 
127.58 
127.651 
128.805 
129.205 
128.748 
128.78 
128.702 
128.353 
128.198 
127.598 
127.579 
127.251 
127.186 
127.644 
128.074 
128.421 
127.763 
127.873 
127.541 
128.086 
127.968 
127.934 
127.482 
126.121 
125.735 
126.612 
126.612 
126.341 
126.195 
