154.446 
154.426 
154.411 
154.425 
154.444 
154.468 
154.411 
154.432 
154.369 
154.357 
154.321 
154.256 
154.225 
154.049 
153.969 
153.707 
153.617 
156.103 
156.125 
152.055 
162.254 
179.807 
121.525 
94.1857 
71.904 
70.3036 
52.8556 
40.3604 
42.415 
43.7491 
50.0193 
127.051 
141.119 
170.582 
176.303 
183.619 
197.213 
202.445 
153.186 
132.36 
111.856 
103.933 
111.723 
103.12 
105.999 
116.212 
120.939 
126.532 
126.575 
122.328 
120.123 
119.128 
119.585 
119.27 
113.69 
108.706 
105.379 
102.395 
102.367 
97.047 
95.0703 
93.3699 
95.0329 
105.602 
108.148 
115.796 
124.996 
126.2 
124.42 
121.204 
116.721 
115.521 
113.734 
112.706 
112.284 
111.158 
110.907 
110.139 
109.397 
108.488 
108.291 
108.425 
105.793 
103.967 
102.259 
102.298 
107.099 
106.531 
105.831 
113.293 
116.22 
117.48 
118.115 
117.228 
116.695 
116.756 
116.863 
118.7 
120.298 
119.825 
115.551 
115.358 
116.551 
116.251 
117.801 
118.858 
119.206 
119.302 
119.334 
119.513 
119.107 
118.124 
118.432 
119.297 
119.069 
118.443 
119.233 
119.612 
119.207 
118.923 
118.798 
118.862 
118.844 
119.485 
120.163 
121.716 
122.081 
122.839 
122.793 
122.96 
122.942 
122.961 
122.841 
122.46 
121.84 
121.218 
119.656 
118.244 
117.645 
116.296 
115.984 
116.234 
116.308 
118.648 
118.714 
118.887 
119.576 
119.346 
120.788 
119.82 
120.495 
120.528 
119.91 
119.251 
119.27 
120.116 
120.073 
121.063 
120.873 
119.65 
119.077 
118.847 
122.537 
122.899 
124.759 
126.44 
127.454 
126.84 
125.809 
125.808 
125.774 
127.116 
126.447 
124.372 
122.078 
119.957 
119.855 
120.23 
121.08 
120.804 
119.766 
120.035 
121.956 
121.637 
121.689 
122.914 
123.593 
123.42 
123.626 
124.668 
125.095 
125.297 
125.334 
125.606 
125.4 
124.934 
125.123 
125.715 
126.367 
126.478 
124.751 
124.679 
125.025 
125.784 
126.126 
127.259 
128.051 
129.815 
129.878 
129.976 
128.976 
128.793 
129.429 
128.921 
129.065 
127.735 
128.106 
127.009 
127.153 
128.227 
129.17 
128.656 
128.719 
130.222 
130.659 
130.245 
130.36 
130.379 
130.44 
130.473 
130.003 
129.966 
129.701 
129.691 
130.235 
130.602 
130.935 
130.287 
130.332 
129.941 
130.558 
130.525 
130.526 
130.043 
128.75 
128.448 
129.5 
129.5 
129.212 
129.038 
