0.474662 
0.520245 
0.543177 
0.435223 
0.346581 
0.224254 
0.214413 
0.21038 
0.187617 
0.260645 
0.11099 
0.253486 
0.36623 
0.297705 
0.312168 
0.415667 
0.341446 
0.398912 
0.349826 
0.159578 
0.19243 
0.0380321 
0.139605 
1.06278e-08 
0.00432169 
0.112002 
0.229356 
0.269584 
0.305228 
0.257128 
0.341801 
0.294295 
0.319242 
0.269903 
0.283057 
0.262199 
0.264849 
0.118064 
0.172653 
0.0729639 
0.0904843 
0.0835766 
0.285161 
0.451051 
0.538856 
0.552559 
0.556941 
0.480277 
0.54313 
0.522517 
0.499857 
0.51756 
0.481592 
0.263602 
0.378692 
0.324207 
0.275524 
0.412675 
0.467578 
0.522252 
0.681031 
0.788292 
0.769379 
0.846276 
0.873386 
0.777894 
0.744773 
0.692216 
0.630185 
0.668253 
0.573054 
0.499562 
0.496681 
0.4466 
0.608833 
0.660207 
0.741701 
0.814024 
0.922405 
1 
0.902119 
0.860273 
0.888438 
0.805074 
0.725286 
0.783838 
0.567775 
0.62922 
0.568712 
0.548346 
0.747363 
0.707473 
0.92578 
0.821385 
0.760256 
0.731507 
0.807845 
0.790615 
0.858405 
0.815015 
0.30203 
0.195026 
0.327481 
0.152161 
0.108155 
0.110993 
0.256418 
0.373698 
0.434671 
0.318266 
0.514735 
0.486703 
0.402836 
0.462669 
0.438707 
0.267321 
0.274928 
0.214809 
0.212773 
0.10281 
0.0635536 
0.0345328 
0.0591466 
0.26532 
0.281534 
