0.452678 
0.414811 
0.367473 
0.2985 
0.228677 
0.169078 
0.0987579 
0.0369004 
0.0719838 
-1.31821e-08 
0.183739 
0.282042 
0.447021 
0.583817 
0.624742 
0.64607 
0.592236 
0.600081 
0.623459 
0.592665 
0.605058 
0.541816 
0.54203 
0.471318 
0.397217 
0.414328 
0.370559 
0.321792 
0.492025 
0.61439 
0.794278 
0.902771 
0.989843 
0.963093 
0.918251 
0.846867 
0.841603 
0.797963 
0.752218 
0.707697 
0.647913 
0.592228 
0.548875 
0.568319 
0.461259 
0.463984 
0.530061 
0.672886 
0.744466 
0.856439 
0.939548 
0.894175 
0.883972 
0.803488 
0.65321 
0.561564 
0.513778 
0.541258 
0.434957 
0.340704 
0.274147 
0.270876 
0.233632 
0.410982 
0.510156 
0.727875 
0.779478 
0.862248 
0.876415 
0.874891 
0.831926 
0.774618 
0.881041 
0.897269 
0.811045 
0.759388 
0.650796 
0.526303 
0.479748 
0.452678 
0.449314 
0.576407 
0.654299 
0.845257 
0.88289 
0.939254 
0.908198 
0.84616 
0.782765 
0.778028 
0.74508 
0.717472 
0.648058 
0.470311 
0.432341 
0.337443 
0.305147 
0.257956 
0.243949 
0.448153 
0.7304 
0.81485 
0.895825 
0.888812 
0.960737 
0.989736 
0.968478 
0.899538 
0.883339 
0.79049 
0.708324 
0.640247 
0.561587 
0.402066 
0.411982 
0.372555 
0.400281 
0.564369 
0.725764 
0.765458 
0.887008 
1 
0.962176 
0.962176 
0.902131 
