0.688426 
0.749158 
0.613233 
0.558568 
0.646748 
0.796688 
0.487058 
0.588594 
0.544956 
0.58918 
0.518474 
0.560539 
0.275316 
0.561269 
0.507909 
0.451517 
0.385896 
0.528495 
0.614304 
0.413465 
0.551937 
0.521605 
0.492882 
0.568555 
0.544318 
0.746542 
0.507757 
0.515785 
0.503788 
0.724798 
0.634413 
0.642455 
0.599281 
0.631548 
0.531207 
0.484102 
0.435965 
0.486062 
0.356346 
0.453172 
0.635635 
0.69007 
0.662377 
0.715643 
0.672911 
0.77354 
0.738994 
0.607294 
0.622046 
0.630838 
0.738879 
0.617179 
0.477849 
0.546842 
0.575473 
0.647609 
0.519634 
0.554262 
0.53884 
0.562912 
0.457336 
0.446356 
0.342983 
0.305936 
0.520883 
0.515686 
0.543187 
0.655638 
0.517304 
0.673464 
0.806372 
0.863678 
0.551601 
0.664311 
0.631725 
0.560931 
0.617177 
0.66386 
0.702613 
0.552659 
0.603656 
0.499422 
0.358719 
0.620966 
0.438539 
0.446172 
0.516919 
0.406554 
0.407521 
0.506388 
0.687457 
0.718794 
0.8534 
0.743477 
0.751427 
0.737372 
1 
0.865874 
0.655323 
0.402579 
0.562462 
0.507487 
0.42295 
0.339853 
0.399474 
0.26358 
0.283754 
0.125533 
0.219334 
0.218882 
0.110806 
4.70061e-09 
0.005493 
0.19345 
0.112266 
0.446859 
0.223823 
0.361252 
0.604875 
0.592915 
0.677756 
0.643873 
0.736535 
0.736535 
0.684873 
