0.35492 
0.436898 
0.44805 
0.505503 
0.46431 
0.516665 
0.491766 
0.466386 
0.471232 
0.424257 
0.473629 
0.454192 
0.399011 
0.419779 
0.356433 
0.322947 
0.324749 
0.371544 
0.399935 
0.483604 
0.521453 
0.491441 
0.539683 
0.532792 
0.494564 
0.231359 
0.254996 
0.246602 
0.230396 
0.246551 
0.166555 
0.124677 
0.126689 
0.109517 
0.11757 
0.166014 
0.202136 
0.240651 
0.270022 
0.35108 
0.328664 
0.314686 
0.344589 
0.313107 
0.288297 
0.234097 
0.258324 
0.264354 
0.21465 
0.218229 
0.344284 
0.34444 
0.31724 
0.330854 
0.403348 
0.361389 
0.475573 
0.452977 
0.503497 
0.506166 
0.458567 
0.419063 
0.441787 
0.418671 
0.403592 
0.389353 
0.366884 
0.348873 
0.378873 
0.301552 
0.406142 
0.376023 
0.422052 
0.445853 
0.527865 
0.557306 
0.566563 
0.510737 
0.555111 
0.528357 
0.541319 
0.495504 
0.495874 
0.434996 
0.415629 
0.420483 
0.375072 
0.380506 
0.455345 
0.482775 
0.49248 
0.527722 
0.550733 
0.553548 
0.501119 
0.510132 
0.508804 
0.518923 
0.475818 
0.488773 
0.535097 
0.534668 
0.534668 
0.472762 
0.458655 
0.538508 
0.555468 
0.53738 
0.615265 
0.597429 
0.627999 
0.60526 
0.566119 
0.540786 
0.558538 
0.497173 
0.489363 
0.50541 
0.493813 
0.464639 
0.507632 
0.532851 
0.580268 
0.593821 
0.607272 
0.630377 
0.600459 
0.58504 
0.619123 
0.545634 
0.557293 
0.562566 
0.523417 
0.488597 
0.49419 
0.482219 
0.548093 
0.596391 
0.625121 
0.611673 
0.606019 
0.570486 
0.556265 
0.567892 
0.552936 
0.589964 
0.541159 
0.529044 
0.464341 
0.539871 
0.550987 
0.558704 
0.632784 
0.662906 
0.60975 
0.627261 
0.62018 
0.624653 
0.595059 
0.578863 
0.564171 
0.54814 
0.526556 
0.513754 
0.481446 
0.501144 
0.591455 
0.567977 
0.605595 
0.633832 
0.601743 
0.629947 
0.569924 
0.558308 
0.569832 
0.498317 
0.490169 
0.424294 
0.41268 
0.395485 
0.345097 
0.330922 
0.354407 
0.38472 
0.421496 
0.443056 
0.48185 
0.473054 
0.434447 
0.453147 
0.434851 
0.411883 
0.43098 
0.406097 
0.391218 
0.39956 
0.425086 
0.397437 
0.362764 
0.396457 
0.385177 
0.398704 
0.414607 
0.435461 
0.423228 
0.414126 
0.381643 
0.344568 
0.312848 
0.36912 
0.328509 
0.286906 
0.286185 
0.221222 
0.238981 
0.294225 
0.302646 
0.378321 
0.412935 
0.349393 
0.365598 
0.36749 
0.314018 
0.306635 
0.311538 
0.179289 
0.12943 
0.0994423 
0.0329444 
0.0236246 
-4.09202e-09 
0.104485 
0.0983552 
0.0974752 
0.0891108 
0.148186 
0.170534 
0.123576 
0.132908 
0.18767 
0.149116 
0.167618 
0.141079 
0.128524 
0.123314 
0.104691 
0.115428 
0.172893 
0.211897 
0.292603 
0.317709 
0.275364 
0.273822 
0.280845 
0.279604 
0.256456 
0.258368 
0.270454 
0.237647 
0.23568 
0.208978 
0.163791 
0.180063 
0.267406 
0.318629 
0.353963 
0.363538 
0.39023 
0.326143 
0.297908 
0.344218 
0.31395 
0.283292 
0.27164 
0.271719 
0.172589 
0.161468 
0.188125 
0.227877 
0.230162 
0.316849 
0.330703 
0.345136 
0.350948 
0.373487 
0.325339 
0.29348 
0.312854 
0.276532 
0.226687 
0.224019 
0.149663 
0.148047 
0.172754 
0.121686 
0.204419 
0.273289 
0.210519 
0.230591 
0.192712 
0.596248 
0.601482 
0.650065 
0.591671 
0.608963 
0.587634 
0.577843 
0.560842 
0.569544 
0.546495 
0.559128 
0.587779 
0.620467 
0.603483 
0.662603 
0.67093 
0.687968 
0.646369 
0.608109 
0.606729 
0.59131 
0.615091 
0.597452 
0.6046 
0.573241 
0.472059 
0.540034 
0.570206 
0.576282 
0.668167 
0.644028 
0.620563 
0.607693 
0.481293 
0.463316 
0.40843 
0.410959 
0.446407 
0.445585 
0.450155 
0.406604 
0.424701 
0.549621 
0.594057 
0.666614 
0.690015 
0.695793 
0.64737 
0.597922 
0.578046 
0.514423 
0.532945 
0.505734 
0.480693 
0.466057 
0.499377 
0.579189 
0.619124 
0.594081 
0.580652 
0.624739 
0.599405 
0.591142 
0.579609 
0.529527 
0.518126 
0.53204 
0.505195 
0.487369 
0.558922 
0.583358 
0.621577 
0.611199 
0.568148 
0.56739 
0.544715 
0.49533 
0.456131 
0.51727 
0.513505 
0.476295 
0.520161 
0.492036 
0.5845 
0.578853 
0.625052 
0.589834 
0.581266 
0.582202 
0.590501 
0.560022 
0.569511 
0.547318 
0.591817 
0.515886 
0.52488 
0.527906 
0.593605 
0.664702 
0.707916 
0.661734 
0.633499 
0.624661 
0.596887 
0.565553 
0.561772 
0.590418 
0.500831 
0.528454 
0.452096 
0.524624 
0.548272 
0.586157 
0.570919 
0.611165 
0.611171 
0.609333 
0.57183 
0.540583 
0.572581 
0.540532 
0.593021 
0.508205 
0.549085 
0.54241 
0.465634 
0.486818 
0.482222 
0.491166 
0.478409 
0.474584 
0.431284 
0.418919 
0.390796 
0.393672 
0.382879 
0.410775 
0.424482 
0.413435 
0.44903 
0.499554 
0.543584 
0.506354 
0.51059 
0.475458 
0.463259 
0.445954 
0.428776 
0.39523 
0.369227 
0.219522 
0.290312 
0.290183 
0.392357 
0.383221 
0.463845 
0.483022 
0.429665 
0.506882 
0.527642 
0.521824 
0.547538 
0.526721 
0.555717 
0.557177 
0.506645 
0.523869 
0.501507 
0.523712 
0.568715 
0.590537 
0.627028 
0.617209 
0.624995 
0.604126 
0.979704 
0.973126 
0.947133 
0.947346 
0.925073 
0.908477 
0.915691 
0.880328 
0.849443 
0.819187 
0.885846 
1 
0.955805 
0.945298 
0.95619 
0.982471 
0.919745 
0.898001 
0.921712 
0.901283 
0.903449 
0.877652 
0.810141 
0.864024 
0.780859 
0.542449 
0.591881 
0.619106 
0.619434 
0.628707 
0.654266 
0.613784 
0.600085 
0.530696 
0.525378 
0.562219 
0.545875 
0.520721 
0.520873 
0.43996 
0.487178 
0.526397 
0.606054 
0.599752 
0.602605 
0.640766 
0.607527 
0.65722 
0.591598 
0.600608 
0.628012 
0.638767 
0.57109 
0.563234 
0.53958 
0.537446 
0.523875 
0.543442 
0.61926 
0.636099 
0.655872 
0.682479 
0.675916 
0.713974 
0.625423 
0.582499 
0.624821 
0.594536 
0.580634 
0.543886 
0.539045 
0.501904 
0.468841 
0.502495 
0.526734 
0.657709 
0.670797 
0.702366 
0.734614 
0.68859 
0.72191 
0.67591 
0.728216 
0.698985 
0.656411 
0.636186 
0.650917 
0.619584 
0.584318 
0.567754 
0.617198 
0.707973 
0.695708 
0.72202 
0.70635 
0.690262 
0.675347 
0.653237 
0.637455 
0.628061 
0.761885 
0.757644 
0.701527 
0.724059 
0.685733 
0.7835 
0.780363 
0.830312 
0.859575 
0.940004 
0.933527 
0.888374 
0.899257 
0.890235 
0.887113 
0.908647 
0.857264 
0.801073 
0.760144 
0.809646 
0.794277 
0.792983 
0.923282 
0.919682 
0.953452 
0.9282 
0.90784 
0.890758 
0.861883 
0.85881 
0.894266 
0.814876 
0.854902 
0.83861 
0.824821 
0.784785 
0.785574 
0.811 
0.865877 
0.918046 
0.91152 
0.942344 
0.947615 
0.918366 
0.980892 
0.953154 
0.975103 
0.942716 
0.920235 
0.951046 
0.755579 
0.711254 
0.673274 
0.706231 
0.74101 
0.774046 
0.783021 
0.804245 
0.75885 
0.775781 
0.730045 
0.699733 
0.648009 
0.645373 
0.56955 
0.601527 
0.542269 
0.541679 
0.559606 
0.631412 
0.614452 
0.653523 
0.664384 
0.656827 
0.671487 
0.802741 
0.801581 
0.834667 
0.855848 
0.801403 
0.734061 
0.72787 
0.736701 
0.726318 
0.773645 
0.819058 
0.857045 
0.844297 
0.801747 
0.842411 
0.858569 
0.819191 
0.824315 
0.822582 
0.769283 
0.738023 
0.754202 
0.714412 
0.707394 
0.731764 
0.844197 
0.891202 
0.923284 
0.902407 
0.889505 
0.927106 
0.878469 
0.858032 
0.849504 
0.792142 
0.771837 
0.775925 
0.714071 
0.706805 
0.703765 
0.791735 
0.759873 
0.811202 
0.803885 
0.830527 
0.813233 
0.817939 
0.751856 
0.758861 
0.728105 
0.614713 
0.635945 
0.568131 
0.552687 
0.605172 
0.662239 
0.684772 
0.718947 
0.759203 
0.749697 
0.787013 
0.748592 
0.717413 
0.694473 
0.663268 
0.652186 
0.641677 
0.575264 
0.55628 
0.542619 
0.561466 
0.568632 
0.650534 
0.61462 
0.686135 
0.803042 
0.818806 
0.769203 
0.767705 
0.741216 
0.73259 
0.723101 
0.72141 
0.682292 
0.675922 
0.702395 
0.737132 
0.767701 
0.795609 
0.808339 
0.824516 
0.793013 
0.785612 
0.832843 
0.792392 
0.698426 
0.70354 
0.702805 
0.629491 
0.600035 
0.487472 
0.494845 
0.509185 
0.509121 
0.540907 
0.577335 
0.649952 
0.636841 
0.622764 
0.609577 
0.616757 
0.618078 
0.575698 
0.580272 
0.532621 
0.526761 
0.513401 
0.528536 
0.571593 
0.631664 
0.747176 
0.697266 
0.737216 
0.705122 
0.685989 
0.532528 
0.478909 
0.499688 
0.503383 
0.488459 
0.446102 
0.468406 
0.366092 
0.367046 
0.4535 
0.532882 
0.551915 
0.574776 
0.608804 
0.604344 
0.628402 
0.644604 
0.625567 
0.631857 
0.594645 
0.617491 
0.520054 
0.54251 
0.511866 
0.525315 
0.515869 
0.576248 
0.5716 
0.613745 
0.577767 
0.557078 
0.511795 
0.4744 
0.476357 
0.494203 
0.486176 
0.427753 
0.416858 
0.398191 
0.442771 
0.466639 
0.492126 
0.527039 
0.549792 
0.543503 
0.543866 
0.512456 
0.495752 
0.539788 
0.483179 
0.556681 
0.531372 
0.473531 
0.431063 
0.498152 
0.528914 
0.579477 
0.616712 
0.599361 
0.606899 
0.651252 
0.648695 
0.661377 
0.620773 
0.588304 
0.600497 
0.595362 
0.545339 
0.572721 
0.559364 
0.63571 
0.688514 
0.713936 
0.705481 
0.73461 
0.917879 
0.90524 
0.852365 
0.858702 
0.848214 
0.804986 
0.793332 
0.797789 
0.809848 
0.805985 
0.8226 
0.816721 
0.856694 
0.857154 
0.879147 
0.929731 
0.882744 
0.871876 
0.846047 
0.836923 
0.89747 
0.879519 
0.920459 
0.919952 
0.910397 
0.527226 
0.52982 
0.557413 
0.581806 
0.538587 
0.50267 
0.510645 
0.47068 
0.472927 
0.468364 
0.448234 
0.457033 
0.514653 
0.465824 
0.486097 
0.469005 
0.524294 
0.50346 
0.447096 
0.453124 
0.407418 
0.414988 
0.429844 
0.396567 
0.423697 
0.706113 
0.730359 
0.775153 
0.785323 
0.790574 
0.768636 
0.764186 
0.710386 
0.696479 
0.605758 
0.620733 
0.637803 
0.579144 
0.574728 
0.621363 
0.668658 
0.76849 
0.736896 
0.789595 
0.742004 
0.729002 
0.708425 
0.72061 
0.677909 
0.668957 
0.437788 
0.372406 
0.407418 
0.494928 
0.552623 
0.530494 
0.537978 
0.53872 
0.604818 
0.580127 
0.579527 
0.541531 
0.536623 
0.516716 
0.442818 
0.414986 
0.384321 
0.387116 
0.388301 
0.402042 
0.42359 
0.52435 
0.515942 
0.485136 
0.458517 
0.771337 
0.718502 
0.649597 
0.665751 
0.670121 
0.679896 
0.674183 
0.665971 
0.673826 
0.627524 
0.647269 
0.711045 
0.764625 
0.773206 
0.75271 
0.723392 
0.699857 
0.603379 
0.631874 
0.594195 
0.551931 
0.600767 
0.541953 
0.516494 
0.517765 
0.448815 
0.469418 
0.542634 
0.548056 
0.569878 
0.634205 
0.615916 
0.608886 
0.5605 
0.472098 
0.489479 
0.453893 
0.457458 
0.425584 
0.339258 
0.306622 
0.287517 
0.314629 
0.404101 
0.419764 
0.424966 
0.451694 
0.446622 
0.467799 
0.451631 
0.522854 
0.5166 
0.464564 
0.48373 
0.460052 
0.471796 
0.508839 
0.550766 
0.589887 
0.566285 
0.564948 
0.5549 
0.568271 
0.601841 
0.572351 
0.538183 
0.446455 
0.445217 
0.435294 
0.495277 
0.380051 
0.348554 
0.330242 
0.329885 
0.41767 
0.508061 
0.575665 
0.552789 
0.566701 
0.533011 
0.544436 
0.460293 
0.468393 
0.479881 
0.470628 
0.497137 
0.48382 
0.376737 
0.371886 
0.42606 
0.49612 
0.576706 
0.545399 
0.572913 
0.628639 
0.658513 
0.718665 
0.713005 
0.728816 
0.667649 
0.59592 
0.439462 
0.432919 
0.321902 
0.292953 
0.293518 
0.280551 
0.461434 
0.584856 
0.665723 
0.732603 
0.751614 
0.725432 
0.743183 
0.693023 
0.633347 
0.666451 
0.646067 
0.706866 
0.691754 
0.777754 
0.804111 
0.830655 
0.81234 
0.854542 
0.618337 
0.625142 
0.563579 
0.495234 
0.500752 
0.454701 
0.448128 
0.443994 
0.458424 
0.425611 
0.473054 
0.546744 
0.54841 
0.609943 
0.597151 
0.607739 
0.635493 
0.579881 
0.578074 
0.573129 
0.588186 
0.538074 
0.512364 
0.537946 
0.490665 
0.357247 
0.422446 
0.484123 
0.515198 
0.510256 
0.540281 
0.519983 
0.489929 
0.519369 
0.451272 
0.464965 
0.43048 
0.363687 
0.338787 
0.361458 
0.351606 
0.35079 
0.348372 
0.396031 
0.445683 
0.485213 
0.47364 
0.492685 
0.456103 
0.461169 
0.494877 
0.516743 
0.482404 
0.42926 
0.388025 
0.339366 
0.332735 
0.326593 
0.369945 
0.404678 
0.371682 
0.413737 
0.462405 
0.459411 
0.419679 
0.436519 
0.367121 
0.36675 
0.338403 
0.33874 
0.304273 
0.284286 
0.231631 
0.233071 
0.282643 
0.237704 
0.288351 
0.342876 
0.320776 
0.289373 
0.341583 
0.306925 
0.270376 
0.275774 
0.287151 
0.213123 
0.206739 
0.213193 
0.212783 
0.207706 
0.18991 
0.241422 
0.249252 
0.227042 
0.244954 
0.280659 
0.247375 
0.241049 
0.180845 
0.139062 
0.258017 
0.278683 
0.261485 
0.221708 
0.238298 
0.242042 
0.275555 
0.350865 
0.380436 
0.432878 
0.440569 
0.425319 
0.378877 
0.41239 
0.366123 
0.370491 
0.377319 
0.360448 
0.290615 
0.311267 
0.325006 
0.371519 
0.426059 
0.452758 
0.45063 
0.388261 
0.406302 
0.369853 
0.383568 
0.3503 
0.356796 
0.268822 
0.312493 
0.263261 
0.285992 
0.253188 
0.281067 
0.3362 
0.394402 
0.437735 
0.408442 
0.456286 
0.448636 
0.407219 
0.410342 
0.373333 
0.343959 
0.341609 
0.355751 
0.348095 
0.29101 
0.245212 
0.23361 
0.269397 
0.364573 
0.365202 
0.464655 
0.513552 
0.523838 
0.51618 
0.488647 
0.484482 
0.507855 
0.46503 
0.427806 
0.424848 
0.429449 
0.365335 
0.368808 
0.295794 
0.311796 
0.315739 
0.415566 
0.43754 
0.381409 
0.66575 
0.680781 
0.631117 
0.63383 
0.630031 
0.664956 
0.682743 
0.683212 
0.618021 
0.632552 
0.631744 
0.679848 
0.69797 
0.729926 
0.668012 
0.691115 
0.690876 
0.611148 
0.640975 
0.630256 
0.614601 
0.660805 
0.624636 
0.664877 
0.669401 
0.567369 
0.552708 
0.623383 
0.656267 
0.645344 
0.64467 
0.65792 
0.613443 
0.639325 
0.586733 
0.550331 
0.54248 
0.530861 
0.517016 
0.496647 
0.485037 
0.478612 
0.508794 
0.509498 
0.556352 
0.5653 
0.574564 
0.590065 
0.597152 
0.532282 
0.483188 
0.434553 
0.410223 
0.414464 
0.439315 
0.387872 
0.355511 
0.3252 
0.340081 
0.326943 
0.40586 
0.425938 
0.465045 
0.460461 
0.487192 
0.470402 
0.476852 
0.450527 
0.445642 
0.466333 
0.468412 
0.47377 
0.450052 
0.446194 
0.429251 
0.474656 
0.473378 
0.557906 
0.559484 
0.606722 
0.635337 
0.617336 
0.587195 
0.538673 
0.578795 
0.565786 
0.572976 
0.552192 
0.518223 
0.511999 
0.464726 
0.515104 
0.50116 
0.526802 
0.557386 
0.544671 
0.537357 
0.492199 
0.478948 
0.44704 
0.498958 
0.475613 
0.481085 
0.483245 
0.484572 
0.558136 
0.573296 
0.631438 
0.645057 
0.666846 
0.680425 
0.627043 
0.637365 
0.666621 
0.609301 
0.563697 
0.503886 
0.471366 
0.41115 
0.400328 
0.449823 
0.574148 
0.606586 
0.638395 
0.632246 
0.730006 
0.658844 
0.67546 
0.588056 
0.542511 
0.54773 
0.506157 
0.465309 
0.46193 
0.397367 
0.414688 
0.442559 
0.53317 
0.522898 
0.582196 
0.641848 
0.596812 
0.55987 
0.572599 
0.619935 
0.60224 
0.585015 
0.565156 
0.546094 
0.553321 
0.410048 
0.419897 
0.548338 
0.643415 
0.682158 
0.642162 
0.573806 
0.442821 
0.418889 
0.440045 
0.454956 
0.460668 
0.425945 
0.39682 
0.347529 
0.342072 
0.291097 
0.334795 
0.412423 
0.420314 
0.441246 
0.48797 
0.51646 
0.439653 
0.45329 
0.400022 
0.433944 
0.441034 
0.427121 
0.320571 
0.252879 
0.269569 
0.228672 
0.259616 
0.351416 
0.348675 
0.354629 
0.39857 
0.398987 
0.374981 
0.368927 
0.289317 
0.244175 
0.186085 
0.205926 
0.281728 
0.252285 
0.295653 
0.255003 
0.297712 
0.203534 
0.199565 
0.189491 
0.181485 
0.182661 
0.206661 
0.172855 
0.148726 
0.101272 
0.0712584 
0.0782085 
0.158589 
0.146262 
0.165928 
0.252157 
0.215217 
0.274415 
0.202992 
0.159479 
0.185845 
0.182366 
0.20291 
0.232902 
0.212609 
0.172371 
0.340672 
0.307683 
0.407642 
0.448957 
0.473968 
0.497162 
0.549967 
0.549967 
0.521655 
0.445193 
0.391554 
0.380509 
0.374572 
0.421912 
0.392415 
0.381228 
0.355807 
0.365471 
0.511564 
0.588192 
0.761796 
0.727726 
0.778275 
0.84302 
0.819386 
