0.575202 
0.471321 
0.709653 
0.553457 
0.828332 
0.733853 
0.694566 
0.791387 
0.859773 
0.770605 
0.729643 
0.820812 
0.651911 
0.672396 
0.489547 
0.601204 
0.53837 
0.487712 
0.659937 
0.686733 
0.953229 
0.887863 
0.951331 
0.820974 
0.841752 
0.932664 
0.860697 
0.846127 
1 
0.731576 
0.723361 
0.908537 
0.987923 
0.884297 
0.810332 
0.921162 
0.94228 
0.852489 
0.835183 
0.629295 
0.581328 
0.73681 
0.631735 
0.684673 
0.813797 
0.758658 
0.797467 
0.818365 
0.645478 
0.881045 
0.929021 
0.635426 
0.646135 
0.633338 
0.447972 
0.772909 
0.604297 
0.4942 
0.430382 
0.366248 
0.506184 
0.693429 
0.504784 
0.559067 
0.580405 
0.564316 
0.717276 
0.635332 
0.45322 
0.342153 
0.395981 
0.357958 
0.135293 
0.171022 
0.18267 
0.0619719 
0.0135161 
0.303546 
0.244301 
0.276296 
0.373492 
0.294694 
0.32694 
0.247218 
0.0848709 
0.137609 
5.06891e-09 
0.0833499 
0.0974131 
0.155708 
0.269447 
0.297676 
0.371734 
0.306535 
0.318317 
0.290459 
0.301368 
0.278813 
0.270766 
0.0964901 
0.0740981 
0.0742545 
0.117161 
0.128004 
0.187917 
0.509637 
0.53658 
0.707537 
0.444117 
0.43451 
0.445153 
0.308937 
0.179639 
0.365572 
0.235134 
0.114469 
0.107536 
0.0606123 
0.233185 
0.295913 
0.451215 
0.440765 
0.396728 
0.424351 
0.32041 
