0.873082 
0.890708 
0.764897 
0.823216 
0.718987 
0.708283 
0.635078 
0.610122 
0.59854 
0.710672 
0.656774 
0.792333 
1 
0.884033 
0.903759 
0.911257 
0.908819 
0.925054 
0.864842 
0.813974 
0.812423 
0.719293 
0.69232 
0.657562 
0.722816 
0.665987 
0.754155 
0.738574 
0.689341 
0.610852 
0.648883 
0.700334 
0.504696 
0.469237 
0.485729 
0.32984 
0.395612 
0.38903 
0.394712 
0.410537 
0.585585 
0.592304 
0.510263 
0.581371 
0.52728 
0.486273 
0.404205 
0.569373 
0.451492 
0.414436 
0.613068 
0.557711 
0.50125 
0.496654 
0.586753 
0.596212 
0.574918 
0.5321 
0.518589 
0.534705 
0.394971 
0.302218 
0.367929 
0.323338 
0.252302 
0.391736 
0.369876 
0.407791 
0.488835 
0.630846 
0.58335 
0.550777 
0.400917 
0.521187 
0.459581 
0.621996 
0.503814 
0.557691 
0.467963 
0.580403 
0.551706 
0.607389 
0.657551 
0.704614 
0.750875 
0.771119 
0.755603 
0.773073 
0.777043 
0.750784 
0.742092 
0.731555 
0.759138 
0.714697 
0.766712 
0.787875 
0.757893 
0.803476 
0.828455 
0.898997 
0.902851 
0.866085 
0.821002 
0.71888 
0.575366 
0.57119 
0.461423 
0.490645 
0.393836 
0.296625 
0.303963 
0.257523 
0.286895 
0.351254 
0.338149 
0.196528 
0.278621 
0.190362 
0.155574 
0.069606 
0.107852 
1.19104e-08 
0.0325361 
0.0325361 
0.0569107 
