0.234691 
0.701928 
0.654225 
0.638047 
0.781059 
0.679291 
0.755966 
0.905203 
0.521088 
0.52936 
0.767818 
0.459711 
0.319198 
0.26134 
0.573699 
0.301698 
0.261956 
0.276658 
0.361322 
0.401747 
0.526482 
0.859456 
0.763792 
0.874514 
0.644019 
0.727592 
0.593176 
0.343061 
0.535318 
0.446593 
0.411247 
0.191995 
-2.78373e-08 
0.376975 
0.0598287 
0.0252151 
0.109293 
0.125705 
0.314908 
0.500972 
0.51272 
0.903503 
0.670648 
0.471804 
0.474625 
0.353736 
0.440176 
0.481664 
0.418723 
0.485945 
0.293651 
0.41363 
0.299442 
0.178356 
0.466737 
0.481166 
0.599915 
0.697242 
0.607443 
0.789341 
0.661257 
0.851195 
0.711263 
0.338705 
0.660903 
0.471479 
0.605788 
0.66569 
0.492226 
0.301203 
0.267432 
0.318611 
0.14399 
0.401296 
0.546563 
0.727585 
1 
0.970937 
0.787488 
0.9975 
0.855393 
0.816579 
0.620843 
0.917079 
0.716053 
0.529381 
0.807314 
0.660135 
0.490348 
0.570947 
0.695632 
0.71161 
0.767167 
0.874949 
0.967838 
0.879034 
0.847646 
0.526973 
0.606317 
0.640508 
0.393078 
0.468447 
0.377834 
0.162654 
0.0891751 
0.324403 
0.151875 
0.465341 
0.325014 
0.518781 
0.572286 
0.621489 
0.584293 
0.790429 
0.84855 
0.599182 
0.540185 
0.674863 
0.772903 
0.696217 
0.284498 
0.517053 
0.517053 
0.574076 
0.406264 
