0.686756 
0.653084 
0.806829 
0.716162 
0.68148 
0.5757 
0.618469 
0.514217 
0.544979 
0.572014 
0.493325 
0.4175 
0.458523 
0.609161 
0.656432 
0.865771 
0.978452 
0.8724 
0.941208 
0.817764 
0.912606 
0.749315 
0.900934 
0.809005 
0.644776 
0.707242 
0.637849 
0.579765 
0.61229 
0.716314 
0.745867 
0.668947 
0.66879 
0.637627 
0.610462 
0.600057 
0.500964 
0.485408 
0.379821 
0.319313 
0.283838 
0.252695 
0.18897 
0.145774 
0.344156 
0.362303 
0.399259 
0.414482 
0.542371 
0.523282 
0.423682 
0.361757 
0.370152 
0.380017 
0.287494 
0.154981 
0.0690061 
-1.6001e-08 
0.0368196 
0.078988 
0.249847 
0.395309 
0.434074 
0.579697 
0.589469 
0.650933 
0.670135 
0.657869 
0.561488 
0.613015 
0.521777 
0.557329 
0.519298 
0.502848 
0.489824 
0.513422 
0.638083 
0.696191 
0.760226 
0.832358 
0.81341 
0.848029 
0.849209 
0.757281 
0.748281 
0.729222 
0.656086 
0.560866 
0.683365 
0.661474 
0.899279 
1 
0.864948 
0.916359 
0.953944 
0.859115 
0.939396 
0.874525 
0.842866 
0.828448 
0.757803 
0.7117 
0.618368 
0.600233 
0.645276 
0.835779 
0.780691 
0.793755 
0.834978 
0.921852 
0.824137 
0.874617 
0.8344 
0.75423 
0.695428 
0.753345 
0.556339 
0.511298 
0.461977 
0.575669 
0.540212 
0.618052 
0.651115 
0.651115 
0.646162 
