0.249584 
0.205141 
0.0891099 
0.0937764 
0.173239 
0.369616 
0.534942 
0.713704 
0.724977 
0.832915 
0.783594 
0.795769 
0.811229 
0.64453 
0.657942 
0.588121 
0.509923 
0.529786 
0.346665 
0.325426 
0.25044 
0.262503 
0.345375 
0.552679 
0.682115 
0.793682 
0.857303 
0.882714 
0.907521 
0.92815 
0.823982 
0.817668 
0.754401 
0.638913 
0.525726 
0.527845 
0.483635 
0.412643 
0.301847 
0.24312 
0.452336 
0.62528 
0.750202 
0.865997 
0.843938 
0.886697 
0.823669 
0.889489 
0.85615 
0.838486 
0.818179 
0.721889 
0.687819 
0.614603 
0.538545 
0.501559 
0.311887 
0.288461 
0.406173 
0.588117 
0.819903 
0.917794 
0.894223 
0.979756 
1 
0.951561 
0.931474 
0.830298 
0.901953 
0.750562 
0.666111 
0.574802 
0.49122 
0.520059 
0.32561 
0.1352 
0.16147 
0.417352 
0.449353 
0.656747 
0.584264 
0.616086 
0.706677 
0.634498 
0.58911 
0.516781 
0.475497 
0.376192 
0.276903 
0.254129 
0.144969 
0.083991 
0.0812524 
0.265443 
0.350588 
0.416961 
0.518068 
0.558288 
0.547483 
0.470968 
0.522305 
0.544567 
0.352569 
0.387747 
0.30732 
0.22087 
0.148874 
0.117916 
1.94948e-08 
0.018568 
0.145286 
0.36449 
0.36985 
0.533414 
0.628255 
0.617873 
0.592024 
0.603643 
0.563126 
0.519233 
0.406824 
0.331258 
0.331258 
0.269295 
0.262999 
