0.580551 
0.612215 
0.815206 
0.867176 
0.947798 
0.997807 
1 
0.989314 
0.955423 
0.984561 
0.872755 
0.817808 
0.769751 
0.769777 
0.610151 
0.544315 
0.598756 
0.748136 
0.829728 
0.917525 
0.962745 
0.933139 
0.917135 
0.894648 
0.859594 
0.843468 
0.812666 
0.697411 
0.609826 
0.583676 
0.537803 
0.55757 
0.645492 
0.676058 
0.737019 
0.71831 
0.739214 
0.750572 
0.759694 
0.674243 
0.588065 
0.526186 
0.528682 
0.445334 
0.367875 
0.339314 
0.383356 
0.445225 
0.542364 
0.577729 
0.536981 
0.561599 
0.52759 
0.519253 
0.461317 
0.411923 
0.381607 
0.346042 
0.266112 
0.295663 
0.32429 
0.406503 
0.444493 
0.406062 
0.411072 
0.408513 
0.400614 
0.341444 
0.357497 
0.40225 
0.387938 
0.367112 
0.341853 
0.452135 
0.585092 
0.656678 
0.599821 
0.641586 
0.654874 
0.61996 
0.632991 
0.537775 
0.604118 
0.504115 
0.445469 
0.192011 
0.039471 
-2.47002e-08 
0.0800518 
0.0936435 
0.203348 
0.225085 
0.360038 
0.424027 
0.395793 
0.372299 
0.369655 
0.290102 
0.267554 
0.215275 
0.163324 
0.0868058 
0.144638 
0.189173 
0.393753 
0.455395 
0.559784 
0.587518 
0.588553 
0.551712 
0.541295 
0.494873 
0.498116 
0.414072 
0.365408 
0.289958 
0.220409 
0.116344 
0.241349 
0.329828 
0.429608 
0.407021 
0.424706 
0.397442 
0.367112 
