0.855718 
0.726107 
0.651374 
0.711784 
0.609096 
0.574652 
0.454993 
0.463001 
0.406459 
0.363794 
0.316459 
0.373032 
0.478829 
0.645716 
0.655018 
0.701315 
0.715735 
0.742385 
0.759156 
0.719857 
0.600551 
0.482094 
0.490218 
0.495372 
0.310507 
0.290762 
0.256532 
0.235918 
0.370013 
0.521558 
0.556272 
0.538075 
0.596594 
0.611938 
0.59309 
0.477295 
0.517412 
0.508073 
0.386749 
0.287419 
0.196354 
0.119813 
-8.81965e-09 
0.22403 
0.27252 
0.312186 
0.451938 
0.402704 
0.411549 
0.486836 
0.761384 
0.767785 
0.650175 
0.589583 
0.640039 
0.587499 
0.544153 
0.46339 
0.441316 
0.468415 
0.616816 
0.777644 
0.788816 
0.808033 
0.864355 
0.86575 
0.845945 
0.802673 
0.699586 
0.707537 
0.67361 
0.661931 
0.605046 
0.523451 
0.468276 
0.386937 
0.627152 
0.722063 
0.82666 
0.895142 
1 
0.87191 
0.873944 
0.73898 
0.842301 
0.748218 
0.771553 
0.717115 
0.575809 
0.52478 
0.508568 
0.510624 
0.526292 
0.557392 
0.74534 
0.777916 
0.876421 
0.944522 
0.970786 
0.877048 
0.813979 
0.744037 
0.72157 
0.594757 
0.519237 
0.475715 
0.386792 
0.384976 
0.324275 
0.315776 
0.348622 
0.494106 
0.552459 
0.683007 
0.673892 
0.648472 
0.666421 
0.661812 
0.652515 
0.593575 
0.500481 
0.491851 
0.462747 
0.462747 
0.492453 
