0.0404427 
0.13565 
0.148259 
0.197204 
0.276808 
0.404489 
0.168539 
0.164741 
0.232963 
0.0568345 
0.141916 
0.112307 
1.90148e-08 
0.112202 
0.140966 
0.344466 
0.146775 
0.419359 
0.656812 
0.619468 
0.670829 
0.591113 
0.626369 
0.510073 
0.36751 
0.581049 
0.601054 
0.44241 
0.529332 
0.526206 
0.574115 
0.760852 
0.622855 
0.741911 
0.776164 
0.859869 
0.792113 
0.60862 
0.690883 
0.572854 
0.476506 
0.354929 
0.557462 
0.404733 
0.533905 
0.443274 
0.486224 
0.615513 
0.696632 
0.659815 
0.530035 
0.634835 
0.459157 
0.625038 
0.425332 
0.418824 
0.28267 
0.334838 
0.429153 
0.428806 
0.46664 
0.505256 
0.661875 
0.655788 
0.703292 
0.48359 
0.496734 
0.430494 
0.383876 
0.458774 
0.340307 
0.361848 
0.200706 
0.200749 
0.204398 
0.399225 
0.535272 
0.609703 
0.648981 
0.589984 
0.68189 
0.782783 
0.695725 
0.650075 
0.612764 
0.599728 
0.689686 
0.469647 
0.521158 
0.461659 
0.370452 
0.477466 
0.527125 
0.650618 
0.702858 
0.821254 
0.93898 
1 
0.993587 
0.905131 
0.609382 
0.54013 
0.543892 
0.566559 
0.445994 
0.372157 
0.394199 
0.623251 
0.507736 
0.644163 
0.836446 
0.818044 
0.745073 
0.799737 
0.703148 
0.617428 
0.607858 
0.355216 
0.25341 
0.236535 
0.350783 
0.268262 
0.265882 
0.265882 
0.278997 
