0.570965 
0.589998 
0.629265 
0.661824 
0.622262 
0.65531 
0.663675 
0.674219 
0.656257 
0.649166 
0.650853 
0.625323 
0.614756 
0.58353 
0.563111 
0.572034 
0.535743 
0.496732 
0.432872 
0.361915 
0.340544 
0.210289 
0.11684 
0.0645777 
8.28935e-09 
0.666593 
0.66707 
0.68841 
0.651826 
0.689435 
0.684439 
0.684712 
0.65446 
0.681948 
0.688441 
0.683702 
0.654102 
0.667642 
0.643709 
0.628246 
0.611272 
0.598448 
0.565523 
0.578355 
0.534171 
0.532812 
0.524964 
0.527424 
0.532844 
0.521781 
0.826339 
0.829465 
0.838445 
0.819356 
0.78961 
0.753301 
0.664736 
0.612742 
0.557382 
0.58586 
0.570055 
0.619298 
0.627772 
0.649978 
0.685847 
0.704708 
0.705758 
0.7313 
0.73077 
0.775868 
0.779172 
0.842909 
0.87449 
0.902205 
0.968593 
1 
