0.224161 
0.230003 
0.294573 
0.268738 
0.254348 
0.316031 
0.2375 
0.189225 
0.253108 
0.157745 
0.204288 
0.0799797 
0.059541 
7.51051e-09 
0.138447 
0.189048 
0.147601 
0.210294 
0.254221 
0.385327 
0.264596 
0.347055 
0.269349 
0.295431 
0.27783 
0.336634 
0.355609 
0.394264 
0.378121 
0.275615 
0.336746 
0.308299 
0.269869 
0.318491 
0.482386 
0.451118 
0.401014 
0.417778 
0.435543 
0.374773 
0.213097 
0.263424 
0.141675 
0.177282 
0.206738 
0.357297 
0.306669 
0.432037 
0.460234 
0.601756 
0.652594 
0.592964 
0.566329 
0.570545 
0.556555 
0.50121 
0.472944 
0.452868 
0.375874 
0.383098 
0.361344 
0.429381 
0.667414 
0.604281 
0.690154 
0.707479 
0.860362 
0.787643 
0.876005 
0.847657 
0.878372 
0.758713 
0.755853 
0.700243 
0.592861 
0.624917 
0.702078 
0.689714 
0.826045 
0.911581 
0.92784 
1 
0.923961 
0.864323 
0.95583 
0.802673 
0.730768 
0.586999 
0.458305 
0.597791 
0.515048 
0.420665 
0.489261 
0.53321 
0.592961 
0.546335 
0.740541 
0.671012 
0.706523 
0.775149 
0.686589 
0.722664 
0.608077 
0.614968 
0.447796 
0.517629 
0.5397 
0.512505 
0.627509 
0.780805 
0.753041 
0.729499 
0.771769 
0.819454 
0.699977 
0.695229 
0.724926 
0.749049 
0.658363 
0.58353 
0.579542 
0.526857 
0.565371 
0.565371 
0.563752 
