0.087878 
0.0970472 
0.228775 
0.0907714 
0.0151938 
5.65001e-09 
0.0721531 
0.00746147 
0.0194097 
0.12034 
0.137717 
0.295239 
0.22476 
0.378663 
0.368943 
0.401518 
0.283579 
0.400525 
0.353949 
0.480206 
0.441141 
0.345302 
0.391541 
0.40118 
0.410686 
0.440744 
0.295144 
0.373612 
0.509566 
0.269943 
0.479938 
0.380007 
0.432449 
0.419963 
0.366861 
0.538963 
0.500857 
0.462096 
0.469801 
0.383539 
0.516133 
0.448072 
0.480957 
0.543441 
0.477966 
0.413503 
0.456659 
0.466996 
0.338661 
0.573976 
0.567816 
0.541678 
0.520595 
0.479407 
0.412538 
0.420464 
0.412883 
0.359121 
0.364719 
0.456612 
0.482022 
0.696721 
0.713621 
0.695711 
0.709885 
0.738876 
0.84032 
0.82516 
0.783369 
0.813831 
0.810602 
0.801827 
0.814899 
0.705967 
0.775151 
0.767962 
0.734937 
0.837972 
0.767676 
0.666536 
0.64986 
0.591967 
0.60534 
0.541712 
0.593252 
0.645125 
0.67888 
0.814323 
0.840109 
0.841 
0.959714 
1 
0.972387 
0.955696 
0.940779 
0.939732 
0.922655 
0.944436 
0.859659 
0.794165 
0.698988 
0.643032 
0.481981 
0.557052 
0.57372 
0.426751 
0.497261 
0.446237 
0.33393 
0.31929 
0.33122 
0.356706 
0.489038 
0.477507 
0.56467 
0.602134 
0.584966 
0.607085 
0.546059 
0.657304 
0.574057 
0.52263 
0.507522 
0.507522 
0.520086 
