0.546529 
0.486239 
0.43912 
0.413517 
0.412499 
0.440737 
0.466823 
0.511462 
0.510933 
0.530137 
0.553888 
0.559945 
0.557881 
0.543738 
0.525312 
0.496907 
0.484801 
0.430621 
0.389389 
0.373308 
0.352835 
0.373186 
0.431346 
0.458658 
0.531454 
0.563161 
0.584701 
0.610967 
0.619563 
0.627979 
0.640177 
0.669459 
0.718418 
0.874029 
0.934859 
0.904245 
0.827466 
0.821393 
0.865946 
0.905549 
0.882286 
0.922504 
0.958555 
1 
0.91047 
0.738506 
0.637353 
0.486488 
0.33042 
0.288376 
0.149448 
0.0867277 
0.015779 
-9.82845e-09 
0.00524202 
0.100899 
0.145313 
0.24892 
0.289433 
0.361185 
0.377672 
0.421007 
0.442726 
0.457189 
0.433792 
0.409477 
0.335485 
0.30962 
0.297952 
0.317973 
0.326457 
0.344872 
0.365227 
0.381583 
0.375033 
0.35928 
0.317947 
0.304641 
0.303038 
0.300678 
0.302456 
0.301919 
0.270122 
0.244831 
0.240421 
0.253137 
0.26704 
0.318376 
0.320215 
0.372757 
0.385611 
0.361099 
0.332566 
0.31233 
0.301994 
0.295545 
0.27001 
0.255794 
0.25262 
0.276841 
0.294775 
0.347102 
0.358432 
0.373656 
0.376517 
0.374583 
0.37959 
0.39444 
0.406204 
0.409719 
0.359676 
0.32643 
0.267103 
0.150877 
0.107884 
0.132846 
0.148575 
0.149621 
0.156748 
0.13901 
0.179627 
0.177617 
0.159621 
0.155108 
0.124957 
