0.905712 
0.805458 
0.919086 
0.78113 
0.691815 
0.650933 
0.497961 
0.816702 
1 
0.939554 
0.887387 
0.941624 
0.538251 
0.868127 
0.936235 
0.604402 
0.814389 
0.523218 
0.6991 
0.725164 
0.670615 
0.583215 
0.725948 
0.744204 
0.93387 
0.804532 
0.50993 
0.590834 
0.626172 
0.619603 
0.384406 
0.350097 
0.383395 
0.305516 
0.4375 
0.634025 
0.486266 
0.692691 
0.704795 
0.795999 
0.481696 
0.507223 
0.474002 
0.453991 
0.48328 
0.235602 
0.244658 
0.12556 
0.380287 
0.301021 
0.558735 
0.498902 
0.592027 
0.508316 
0.58535 
0.575123 
0.696853 
0.405173 
0.315875 
0.508767 
-3.67728e-08 
0.475233 
0.29998 
0.340294 
0.690754 
0.501406 
0.596206 
0.49537 
0.493407 
0.354669 
0.458522 
0.483924 
0.444073 
0.363027 
0.402 
0.459325 
0.377448 
0.606146 
0.390104 
0.403094 
0.700415 
0.865512 
0.585074 
0.441354 
0.431232 
0.494333 
0.388561 
0.4071 
0.283217 
0.261608 
0.201384 
0.149736 
0.235288 
0.598587 
0.793607 
0.557053 
0.634013 
0.70308 
0.581838 
0.583967 
0.652426 
0.444903 
0.512646 
0.571987 
0.517599 
0.351468 
0.600209 
0.438711 
0.557862 
0.754582 
0.646749 
0.597511 
0.619397 
0.659083 
0.924191 
0.890728 
0.481035 
0.653209 
0.648973 
0.523619 
0.607208 
0.695897 
0.551778 
0.707932 
0.80405 
