0.759256 
0.78967 
0.787164 
1 
0.603227 
0.604476 
0.71392 
0.683377 
0.623204 
0.718897 
0.772625 
0.929589 
0.947373 
0.943415 
0.86391 
0.840164 
0.790177 
0.840127 
0.770666 
0.843042 
0.945373 
0.73316 
0.718349 
0.714029 
0.68819 
0.59499 
0.926603 
0.902983 
0.809038 
0.824829 
0.883263 
0.69447 
0.741533 
0.81874 
0.611939 
0.739336 
0.705181 
0.598156 
0.634806 
0.53742 
0.782391 
0.713186 
0.712882 
0.75373 
0.7404 
0.798611 
0.692054 
0.769902 
0.631331 
0.571368 
0.778697 
0.878333 
0.779417 
0.554401 
0.531336 
0.559137 
0.632866 
0.521481 
0.690966 
0.667584 
0.655915 
0.727601 
0.621834 
0.610774 
0.821021 
0.607957 
0.539074 
0.392068 
0.415683 
0.569906 
0.540589 
0.67276 
0.511869 
0.58957 
0.572877 
0.500208 
0.621274 
0.729708 
0.667251 
0.654259 
0.622253 
0.493883 
0.537024 
0.332487 
0.501306 
0.343275 
0.114935 
0.258998 
0.399023 
2.08313e-09 
0.348736 
0.293456 
0.338097 
0.515617 
0.659426 
0.739127 
0.789978 
0.703089 
0.688017 
0.573079 
0.497944 
0.616774 
0.365939 
0.605352 
0.180784 
0.307911 
0.29757 
0.285149 
0.292214 
0.688368 
0.578916 
0.728036 
0.904614 
0.669023 
0.392624 
0.621308 
0.549344 
0.430576 
0.622665 
0.572877 
0.661597 
0.321932 
0.416047 
0.308227 
0.482243 
