0.749062 
0.746835 
0.739747 
0.746607 
0.751085 
0.752421 
0.752171 
0.752071 
0.751583 
0.751217 
0.752016 
0.74821 
0.746991 
0.742618 
0.73539 
0.739773 
0.748244 
0.748573 
0.747764 
0.746035 
0.743542 
0.742798 
0.740744 
0.737691 
0.736527 
0.737019 
0.743136 
0.746105 
0.733989 
0.735902 
0.737494 
0.735628 
0.735263 
0.730975 
0.723309 
0.72036 
0.721494 
0.733889 
0.737652 
0.740858 
0.741925 
0.741897 
0.732664 
0.732839 
0.731953 
0.724959 
0.725537 
0.735958 
0.796487 
0.969196 
1 
0.91691 
0.654942 
0.0606039 
0.0339361 
0.0300337 
5.03805e-05 
0.0011164 
-3.8854e-09 
0.00105212 
0.00110821 
0.00790605 
0.0238849 
0.033588 
0.0376877 
0.0400577 
0.0400227 
0.0439467 
0.0481697 
0.0451891 
0.0448014 
0.0413674 
0.0368637 
0.0293984 
