0.119598 
0.114999 
0.051471 
0.0635041 
0.0347658 
0.0667953 
0.0463556 
0.0300883 
-3.08722e-08 
0.0359467 
0.0480294 
0.0644077 
0.0765691 
0.137723 
0.167263 
0.178273 
0.236019 
0.223524 
0.262574 
0.254746 
0.330135 
0.354691 
0.31644 
0.336546 
0.614265 
0.621258 
0.597963 
0.580224 
0.583699 
0.610904 
0.529621 
0.558928 
0.492204 
0.542419 
0.576831 
0.528969 
0.588373 
0.643408 
0.634772 
0.672495 
0.732436 
0.728545 
0.734903 
0.731998 
0.784114 
0.833698 
0.85102 
0.867446 
0.698059 
0.691096 
0.660694 
0.675509 
0.664291 
0.650996 
0.6565 
0.630029 
0.603209 
0.588951 
0.542316 
0.591456 
0.506356 
0.52681 
0.502245 
0.53855 
0.648369 
0.677704 
0.687139 
0.71922 
0.704677 
0.768575 
0.775318 
0.757615 
0.987234 
1 
0.969643 
0.987742 
0.98184 
0.909302 
0.862051 
0.881276 
0.838482 
0.798295 
0.742361 
0.779553 
0.72211 
0.715805 
0.683448 
0.671649 
0.654639 
0.652112 
0.657171 
0.646315 
0.644623 
0.671471 
0.721166 
0.695509 
0.901186 
0.878651 
0.810835 
0.838373 
0.815379 
0.833521 
0.797436 
0.817803 
0.80718 
0.756167 
0.742427 
0.75061 
0.679361 
0.696371 
0.656878 
0.6234 
0.600584 
0.595703 
0.542642 
0.531714 
0.555985 
0.576833 
0.584969 
0.573936 
0.585385 
0.548979 
0.555013 
0.553728 
