0.45788 
0.503458 
0.535578 
0.526964 
0.574703 
0.648992 
0.509315 
0.288585 
0.286422 
0.220392 
0.218771 
0.393162 
0.304424 
0.366648 
0.528995 
0.429667 
0.315575 
0.411554 
0.334025 
0.469775 
0.509354 
0.550781 
0.656684 
0.636682 
0.598555 
0.558147 
0.65002 
0.435598 
0.565078 
0.613537 
0.685465 
0.7442 
0.845469 
0.767077 
0.803582 
0.758494 
0.810413 
0.712819 
0.604154 
0.575005 
0.6733 
0.89683 
0.950877 
0.941782 
1 
0.939411 
0.893083 
0.771053 
0.732815 
0.793388 
0.697675 
0.581133 
0.6452 
0.641346 
0.835092 
0.782273 
0.950877 
0.840885 
0.695448 
0.520038 
0.444687 
0.337773 
0.218742 
0.151479 
0.0663003 
0.00679668 
-5.16488e-08 
0.144616 
0.0925934 
0.167909 
0.0968454 
