0.627554 
0.717891 
0.609223 
0.615782 
0.613265 
0.555954 
0.609327 
0.405569 
0.434208 
0.255814 
0.295948 
0.247636 
0.306797 
0.601912 
0.643373 
0.820851 
0.817616 
0.710135 
0.752336 
0.608249 
0.589955 
0.434351 
0.457267 
0.478462 
0.303535 
0.433574 
0.532057 
0.635332 
0.652318 
0.684278 
0.557738 
0.67389 
0.409331 
0.306154 
0.404912 
0.170854 
0.116441 
-5.8975e-09 
0.0831347 
0.426963 
0.470012 
0.634578 
0.410593 
0.567825 
0.510367 
0.772583 
0.721061 
0.639911 
0.665423 
0.461362 
0.380162 
0.470124 
0.563478 
0.785173 
0.948719 
0.744885 
0.894079 
0.714451 
0.644705 
0.858354 
0.556949 
0.718968 
0.478116 
0.544568 
0.31314 
0.326169 
0.685206 
0.568149 
0.814487 
0.871088 
0.950105 
1 
0.898096 
0.50262 
0.573121 
