0.994472 
0.993149 
0.991775 
0.990118 
0.989034 
0.991329 
0.99349 
0.99408 
0.994933 
0.995814 
0.994812 
0.994723 
0.993451 
0.988034 
0.994639 
0.992836 
0.995179 
0.996852 
0.997866 
1 
0.999922 
0.999524 
0.997483 
0.974773 
0.903613 
0.75164 
0.544474 
0.508429 
0.897394 
0.88968 
0.883314 
0.871881 
0.869403 
0.870433 
0.867208 
0.86232 
0.857852 
0.854787 
0.848631 
0.84721 
0.841971 
0.832128 
0.901664 
0.896093 
0.874015 
0.851423 
0.758061 
0.661302 
0.626356 
0.484668 
0.287627 
0.0112257 
0.00218596 
0.00102557 
2.77082e-08 
0.000142558 
0.0889392 
0.0866315 
0.0879018 
0.0877753 
0.0932113 
0.0888386 
0.093377 
0.0934655 
0.0956318 
0.0947981 
0.0961224 
0.0962216 
0.0973707 
0.0945538 
0.094984 
0.0965589 
0.094952 
